0.049249 50
0.000194 39
0.002777 235
0.000247 8
0.000016 58
3.434359 1
0.647203 1
0.152526 1
0.151477 1
0.769968 1
0.168807 1
0.364648 1
0.096707 1
0.113177 1
0.197262 1
0.226481 1
0.758793 1
0.281103 1
0.288942 1
0.185481 1
0.123616 1
0.399020 1
0.106668 1
0.092153 1
0.200024 1
0.149689 1
0.093558 1
0.222634 1
0.284648 1
0.152465 1
0.684876 1
0.200795 1
0.249826 1
0.310373 1
0.214634 1
0.080604 1
0.563992 1
0.246846 1
0.194308 1
0.239645 1
0.288176 1
0.877686 2
0.000013 9
0.004106 237
0.000132 39
0.000058 62
0.002873 235
0.000109 8
0.000011 58
1.060532 1
0.573823 1
0.081613 1
0.156675 1
0.164130 1
0.542733 9
0.634343 1
0.143163 1
0.159107 1
0.212663 1
0.344050 4
0.023015 1
0.201698 1
0.137474 1
0.189708 1
0.240526 1
1.726292 1
0.965622 1
0.218077 1
10.777296 1
0.179141 1
0.208494 1
0.213264 1
0.154310 1
0.309744 1
0.157010 1
0.094871 1
0.152018 1
0.220648 1
0.112884 1
1.011786 1
0.230763 1
0.165708 1
0.208959 1
0.892597 1
0.176788 1
0.261839 1
0.239652 1
0.150375 1
0.256862 1
0.214416 1
1.258277 2
0.000015 9
0.004492 237
0.001042 39
0.000025 62
0.002571 235
0.000149 8
0.000015 58
1.353867 1
0.164883 1
0.133340 1
0.221227 1
0.196344 1
0.463672 1
0.187909 1
0.114425 1
0.780491 1
0.219660 1
0.094104 1
0.523906 1
0.411414 1
0.272426 1
0.288627 1
0.522918 1
0.209329 1
1.523350 1
0.116367 1
0.739151 1
0.368605 1
0.360255 1
0.232130 1
0.260166 1
0.633448 1
0.879262 1
0.179046 1
0.221499 1
0.114348 1
0.287874 1
0.345746 1
0.123946 1
0.492719 1
0.120119 1
1.198512 1
1.417334 1
0.474098 1
0.482521 1
0.264833 1
0.244997 1
1.216481 4
0.130228 4
0.893534 1
0.243143 1
0.367111 1
0.181305 1
0.319542 1
0.258437 1
0.587096 1
8.527280 11
0.003998 237
0.001256 39
0.000064 62
0.002731 235
0.000184 8
0.000015 58
2.020963 1
0.161656 1
0.164598 1
0.153408 1
0.689498 1
0.066070 1
1.044766 1
0.766476 1
0.195054 1
0.141776 1
0.188214 1
0.070498 1
0.820022 4
0.133494 4
0.143542 4
0.158300 4
0.205654 4
0.685999 1
0.177049 1
0.087157 1
0.148120 1
0.199837 1
0.069447 2
0.000012 9
0.003620 237
0.002767 220
0.000029 154
0.000347 39
0.000073 62
0.002887 235
0.000202 8
0.000017 58
7.442532 11
0.000097 39
0.000069 62
0.003188 235
0.000163 8
0.000008 58
0.095732 11
0.000144 39
0.000054 62
0.003428 235
0.000188 8
0.000018 58
5.988034 1
0.077600 1
0.116384 1
0.138494 1
0.162083 1
0.877434 1
0.534823 1
0.110338 1
0.183722 1
0.065610 1
0.176606 1
0.184044 1
0.143333 1
0.174430 1
0.217812 1
0.246640 1
0.524631 1
0.103419 1
0.229408 1
0.136817 1
0.118961 1
0.171414 1
0.218034 1
0.150933 2
0.000015 9
0.004374 237
0.001227 39
0.000055 62
0.002861 235
0.000144 8
0.000012 58
0.960471 1
0.058251 1
0.114967 1
0.138682 1
0.096918 1
0.669437 1
0.172443 1
0.090745 1
0.181544 1
0.049278 1
0.174767 1
0.182585 1
0.111790 1
0.149342 1
0.206124 1
0.097290 1
0.767075 1
0.067205 1
0.129148 1
0.161975 1
0.120005 1
0.123897 1
0.207292 1
0.211389 1
0.199899 2
0.000019 9
0.004203 237
0.001181 39
0.000059 62
0.002500 235
0.000201 8
0.000048 58
10.594318 1
0.155878 1
2.468721 1
0.223019 1
0.071439 1
0.319243 1
0.155273 1
0.119223 1
0.101144 1
0.135395 1
0.080092 1
0.116068 1
0.137371 1
0.140904 1
0.172086 1
0.211922 1
0.297765 2
0.000016 9
0.004544 237
0.000999 39
0.000046 62
0.002943 235
0.000192 8
0.000022 58
1.266648 1
0.083853 1
0.016531 1
0.145282 1
0.365353 1
0.094595 1
2.779962 2
0.000021 9
0.004103 237
0.003178 11
0.000044 129
0.000011 240
0.000010 54
0.000339 39
0.000079 62
0.002642 235
0.000145 8
0.000011 58
2.946813 1
0.215820 1
0.263438 1
0.106482 1
0.199562 1
0.133741 1
0.148922 1
0.168267 1
0.232692 1
0.368413 1
0.602106 1
0.072936 1
0.330688 1
0.104216 1
0.098308 1
0.170878 1
0.342755 2
0.000016 9
0.000113 39
0.000069 62
0.003032 235
0.000140 8
0.000011 58
1.220667 1
0.088466 1
0.100967 1
0.134802 1
0.116612 1
0.175391 1
0.080223 1
0.132621 1
0.136907 1
0.109509 1
0.105819 1
0.168652 1
0.185628 1
0.097443 1
0.171262 1
0.110014 1
0.216144 1
0.138490 1
0.203469 1
0.167639 1
0.222533 1
0.058782 2
0.000015 9
0.004364 237
0.000911 13
0.000056 52
0.000195 39
0.000062 71
0.002876 235
0.000265 8
0.000014 58
7.289245 1
0.094901 1
0.059953 1
0.096568 1
0.119816 1
0.105244 2
0.000019 9
0.004310 237
0.000995 11
0.000222 39
0.000057 62
0.002971 235
0.000200 8
0.000017 58
7.688404 1
0.142880 1
0.155442 1
0.708173 1
0.126982 1
0.569767 1
0.225116 1
0.141428 1
0.161684 1
0.197764 1
0.140913 1
0.375245 1
0.192772 1
0.189978 1
0.538475 1
0.155749 1
0.220691 1
0.095285 1
0.234741 1
0.270770 1
0.238969 1
1.048289 1
0.560990 4
0.132428 4
0.354452 1
0.105724 1
0.186176 1
0.218394 1
0.388683 1
0.081098 1
0.059264 1
1.191618 1
0.561037 1
0.049093 1
0.391399 1
0.126632 1
0.087670 1
0.982559 1
0.346577 1
0.136591 1
0.131737 1
0.183867 1
0.100542 1
0.135305 1
0.170221 1
1.685355 1
0.177666 1
0.511537 1
0.097025 1
0.477734 1
0.114027 1
0.732335 4
0.433456 4
0.220376 1
1.693909 11
0.004356 237
0.006543 119
0.000253 39
0.000069 62
0.003006 235
0.000209 8
0.000019 58
13.867550 1
0.173764 1
3.604892 1
6.366299 1
0.332850 1
0.453351 4
0.200435 1
0.122912 1
0.139038 1
0.222648 1
0.103116 1
0.227899 4
0.139728 4
0.168444 1
0.051564 1
0.224199 1
0.051023 1
7.118075 1
0.397673 1
0.192976 1
0.437832 1
0.230988 1
0.360917 1
0.251256 1
0.118912 1
0.128264 1
0.177108 1
0.099642 1
0.038094 1
3.837296 1
0.300518 1
0.149119 1
1.942203 1
0.209517 1
0.728952 1
0.296409 1
1.277721 1
1.677864 1
0.360851 1
0.157240 1
0.234570 1
0.506879 4
0.139520 4
0.147958 4
0.154506 4
2.919672 1
0.085311 1
0.168267 1
0.344770 2
0.000014 9
0.000569 39
0.000088 62
0.003762 235
0.000209 8
0.000011 58
1.759425 1
0.153786 1
0.104327 1
0.133879 1
0.098591 1
0.281040 1
0.320745 1
0.151566 1
0.169298 1
0.193734 1
0.058435 1
0.366294 1
0.182225 1
0.119925 1
0.155490 1
0.382079 1
0.155970 1
0.085169 1
1.188290 1
0.689451 1
0.358279 1
0.088196 1
0.161475 1
0.110953 1
0.263839 1
0.280507 1
0.187732 1
0.075820 1
0.633873 1
0.455994 1
0.186353 1
0.197858 1
0.260547 1
0.211421 1
0.763900 1
1.258788 1
0.119578 1
0.088622 1
0.153765 1
0.111300 1
0.215916 1
0.592994 1
0.069812 1
0.771477 1
1.132719 1
0.357656 1
0.235923 1
0.220638 1
0.517756 1
1.169749 2
0.000012 9
0.004245 237
0.001203 120
0.000186 39
0.000056 62
0.002781 235
0.000199 8
0.000015 58
2.848346 1
0.239638 1
0.162610 1
0.240444 1
0.240332 1
0.086187 1
0.817102 4
0.131641 4
0.155362 4
0.523182 1
0.203862 1
0.082298 1
0.141750 1
0.161014 1
0.077751 1
0.516012 1
0.050995 1
5.178492 1
0.107363 1
0.290276 1
0.200685 1
0.586570 1
0.180505 1
0.201372 1
0.141008 1
0.164936 1
0.184895 1
0.190309 1
0.067397 1
0.080945 1
2.161189 1
0.320249 1
0.776692 1
0.852935 1
0.211360 1
0.276097 1
0.190220 1
0.194006 1
0.672043 1
0.074961 1
0.188114 1
2.488283 11
0.000119 39
0.000062 62
0.003610 235
0.000201 66
3.331252 1
0.145689 1
0.138574 1
0.276985 1
0.084300 1
0.542725 1
0.237855 1
0.117331 1
0.158256 1
0.178078 1
0.096574 1
0.834293 4
0.123873 4
0.148192 1
0.258512 1
0.224833 1
0.189327 1
0.293097 1
0.290155 4
0.109729 4
0.088688 1
0.123959 1
0.170255 1
0.383718 1
0.582723 1
0.091820 1
0.129237 1
0.557500 1
0.105739 1
0.178583 1
0.186631 1
0.289971 1
0.229784 1
0.155098 1
0.915477 1
0.211264 1
0.087317 1
0.179929 1
0.288801 1
0.165508 1
0.186803 1
0.311558 1
0.695819 1
0.287126 1
0.315458 1
0.128166 1
0.117218 1
0.156863 1
0.084987 1
0.275081 1
0.172210 1
1.090774 1
1.304446 1
0.131657 1
0.118994 1
0.515654 1
0.139281 1
0.674249 4
1.364353 11
0.004867 237
0.000819 31
0.000294 39
0.000075 71
0.002791 235
0.000145 8
0.000014 58
1.502211 48
0.101008 1
0.629229 1
0.041838 1
0.041139 1
0.039201 1
0.040023 1
0.039723 1
0.040444 1
0.039969 1
0.039989 1
0.152492 1
0.148977 1
0.175625 1
0.715780 5
0.682735 5
0.360214 11
0.004277 237
0.001453 50
0.000008 72
0.000323 39
0.000054 62
0.002545 235
0.000152 66
5.563158 1
0.278485 1
3.203524 1
0.195586 1
0.228045 1
0.496396 4
0.131292 4
0.136038 4
0.137626 4
0.417670 4
0.217408 1
0.193659 1
0.141448 1
0.195072 1
0.309911 1
0.292601 1
1.471609 1
0.147989 1
0.464634 4
0.104527 4
0.150304 1
0.091728 1
0.163521 1
0.182838 8
0.251712 11
0.004876 237
0.010046 51
0.000109 26
0.000825 39
0.000030 73
0.002887 235
0.000121 8
0.000012 58
1.169696 1
0.144541 1
0.096233 1
0.123679 1
0.136510 1
0.135638 1
0.146078 1
0.207602 9
0.362114 11
0.004281 237
0.001220 151
0.001349 74
0.000106 232
0.000240 39
0.000073 62
0.002609 235
0.000154 8
0.000012 58
1.441359 1
0.170630 1
1.703383 4
0.157736 4
0.231707 1
12.438201 1
0.182868 1
0.112544 1
0.168277 1
0.700856 1
0.313491 4
0.329142 1
0.321392 1
0.057757 1
0.153090 1
0.219484 1
0.275104 5
0.239685 11
0.004814 237
0.001033 100
0.000008 49
0.001552 74
0.000036 52
0.000023 180
0.000309 39
0.000094 62
0.002768 235
0.000217 8
0.000015 58
10.097850 1
0.184508 1
0.135451 1
0.172515 1
0.423585 1
1.146911 1
0.096309 1
0.075365 1
0.107408 1
0.119317 1
0.085713 5
0.357633 11
0.005239 237
0.000942 150
0.001185 126
0.000030 180
0.000273 39
0.000089 62
0.003042 235
0.000221 8
0.000016 58
7.701974 11
0.000133 39
0.000091 62
0.003604 235
0.000305 8
0.000013 58
1.807109 1
0.127622 1
0.102357 1
0.137213 1
0.099589 1
0.211946 1
0.271077 1
0.140165 1
0.149176 1
0.146225 1
0.094869 1
1.004703 1
0.183544 1
0.218455 1
0.639936 1
0.101559 1
0.705852 1
0.173926 1
0.179919 1
0.287165 1
0.123611 1
0.164424 1
0.359192 1
0.164023 1
0.174607 1
0.170195 1
0.169354 1
0.086290 1
0.140578 1
0.205984 1
0.160131 1
0.468919 1
0.512266 1
0.265692 1
0.143861 1
0.906813 1
0.253887 1
0.099886 1
0.146500 1
0.049296 1
0.136009 1
0.199226 1
0.086702 1
0.884745 11
0.004627 237
0.003878 122
0.000369 39
0.000102 62
0.003494 235
0.000219 8
0.000014 58
0.966172 1
0.176408 1
0.118796 1
0.230063 1
0.334022 1
1.394050 1
0.048757 1
0.146727 1
0.163122 7
0.308152 11
0.004686 237
0.000908 150
0.001098 126
0.000015 180
0.000299 39
0.000034 62
0.002895 235
0.000156 66
29.236163 1
0.180671 1
0.157573 1
0.096435 1
0.060967 11
0.004461 243
