0.045254 30
0.002818 226
0.000209 57
123.782594 1
0.037251 1
0.335861 11
0.004540 228
0.001148 37
0.000237 92
0.002636 226
0.000164 57
585.806771 54
0.000042 54
1.130254 54
0.063899 54
0.067971 54
0.039943 54
0.032059 54
0.039960 54
0.028104 54
0.023870 54
0.023996 54
0.032015 54
0.060159 54
0.036209 54
0.039757 54
0.044019 54
0.068004 54
0.148683 54
0.163289 54
0.276484 54
33.179752 54
0.215876 54
0.451746 54
93.509507 1
0.097690 1
0.221191 1
0.513363 11
0.004595 252
0.000016 30
0.000034 62
0.002570 226
0.000201 57
32.446882 1
0.081910 1
0.086366 1
0.111854 1
0.067638 1
0.094904 1
0.144893 1
0.447047 1
0.307492 1
0.863048 1
0.156144 1
0.335248 1
0.442380 1
1.845732 1
0.178928 1
0.099711 1
0.254464 1
1.011357 1
0.027532 1
0.132563 1
1.617401 1
0.258844 1
0.175366 1
0.085763 1
0.084494 1
2.771248 11
0.004801 228
0.001422 30
0.000022 62
0.002676 226
0.000119 57
0.930166 1
0.137923 1
0.331343 1
0.167589 1
0.148538 1
0.803888 10
0.430057 11
0.004961 228
0.000089 42
0.000067 62
0.002725 238
0.000131 8
0.000014 61
2.745716 1
0.127676 1
0.096459 1
0.217735 1
0.065173 1
0.610854 1
0.209338 1
0.096524 1
0.150537 1
0.097874 1
0.124320 1
0.079833 1
0.166863 1
0.279999 1
0.086895 1
0.099532 1
0.161745 1
0.131479 1
0.126019 1
0.177990 1
0.127857 1
0.182451 1
0.206878 1
0.050957 1
0.277718 11
0.005093 240
0.001006 42
0.000089 62
0.003022 238
0.000174 69
57.158895 1
0.080656 1
1.330590 1
0.501919 1
0.203830 1
1.124447 1
0.077058 1
1.460175 1
0.361444 1
0.095811 1
0.148108 1
0.131757 1
0.096404 1
0.087299 1
0.138645 1
0.145700 1
1.042949 1
0.291686 1
0.173922 1
0.200483 1
0.092517 1
0.217011 1
0.203309 1
0.623989 11
0.004910 240
0.001209 42
0.000234 104
0.002706 238
0.000128 8
0.000008 61
814.874734 1
0.089256 1
0.147457 1
0.093174 1
0.077961 1
0.075663 1
0.089701 1
0.182867 1
0.061152 1
0.098691 1
0.166291 1
0.331218 1
0.211865 1
0.168454 1
0.047390 1
0.145130 1
0.044746 1
0.282477 1
0.155383 1
0.119824 1
0.348182 11
0.005573 240
0.036554 180
0.101691 22
0.000034 321
0.099626 347
0.100201 341
0.000021 6
0.015008 188
0.000019 168
0.003451 42
0.000059 62
0.003973 238
0.000289 8
0.000011 61
42.354630 20
1.078564 49
1.342666 49
2.388140 4
0.129274 4
0.137371 4
0.147548 4
0.158443 4
1.893649 1
0.115174 1
0.088009 1
0.097645 1
0.387950 11
0.004823 240
0.037023 180
0.100541 24
0.000014 159
0.100242 187
0.100082 28
0.000020 321
0.071175 358
0.004079 42
0.000063 62
0.003022 238
0.000178 8
0.000011 61
0.416754 19
0.126600 9
0.458874 11
0.004332 240
0.036671 180
0.101803 22
0.000030 162
0.000025 159
0.099015 26
0.000023 315
0.000007 6
0.085381 356
0.003599 42
0.000067 62
0.003608 238
0.000160 8
0.000016 61
32.870677 20
0.271737 4
0.135703 4
0.134382 4
0.151814 4
0.140379 4
0.196461 1
0.265851 1
0.161559 1
0.322330 1
0.235587 11
0.004669 240
0.036833 180
0.100761 24
0.000024 159
0.100165 28
0.000012 159
0.100258 28
0.000018 321
0.061297 14
0.000022 344
0.003921 42
0.000065 62
0.003999 238
0.000304 8
0.000011 61
12.519634 19
0.292197 9
0.506226 11
0.004841 240
0.038927 180
0.101982 22
0.000013 162
0.000008 159
0.099985 347
0.082232 356
0.003713 42
0.000309 62
0.003435 238
0.000172 8
0.000013 61
4.446984 1
0.164995 1
0.311731 1
0.140675 1
0.096441 1
0.201857 1
0.119734 1
0.156538 1
0.081940 1
0.184947 1
0.226872 1
0.065583 1
0.534625 1
0.147895 1
0.129969 1
0.526024 1
0.180520 1
0.102835 1
0.089591 1
0.267944 1
0.102002 1
0.379170 1
0.155082 1
0.223857 1
0.518989 4
0.079888 1
0.125065 1
0.226780 1
0.073369 1
0.110811 1
0.252616 1
0.185995 1
2.443977 1
0.106697 1
0.147404 1
0.176350 1
0.090975 1
0.437508 1
0.052249 1
0.242399 1
0.087578 1
0.472279 1
0.792329 1
0.253770 1
0.382548 1
0.191408 1
0.796128 1
0.125028 1
0.110256 1
0.176245 1
0.185753 1
0.169867 1
0.308731 1
0.092951 1
0.999745 11
0.000558 42
0.000048 62
0.003806 238
0.000235 69
6.086687 1
0.125541 1
0.228422 1
1.776136 1
0.118910 1
0.124338 1
1.518503 1
0.130742 1
0.097351 1
2.656633 1
1.355746 5
1.272922 1
0.084554 1
1.788547 1
0.160842 1
0.154514 1
0.092981 1
5.927310 1
0.219156 1
0.656211 4
0.313416 1
0.283600 1
0.315661 4
0.354344 1
0.322865 4
0.147029 4
0.155701 4
0.152884 4
0.339073 1
0.207683 1
0.477950 171
1.803612 1
0.183654 11
1.496888 1
0.207973 1
0.403133 1
0.402330 4
0.230199 1
0.185888 133
1.780784 1
0.066167 1
0.112414 1
0.082726 1
0.122360 1
0.814406 1
0.240897 1
1.410855 1
0.328396 1
0.280925 1
2.499168 4
0.629154 4
0.039233 4
0.039783 4
0.039613 4
0.042713 4
0.039885 4
0.039666 4
0.039927 4
0.040487 4
0.039772 4
0.039920 4
0.039983 4
0.040096 4
0.040104 4
0.039437 4
0.039779 4
0.040982 4
0.256558 4
0.692257 1
0.158402 1
0.673191 1
0.202059 2
0.000247 231
0.994917 1
0.142012 1
0.161590 1
0.077605 1
0.223333 1
0.238905 109
0.938809 1
0.077365 1
0.127116 1
0.168391 1
0.216959 1
0.478282 1
0.203644 1
0.119414 1
0.093845 1
0.065906 1
0.621781 1
2.542424 1
4.328292 4
0.507113 1
0.098929 1
0.302532 1
0.143268 1
0.110370 1
0.076620 1
0.562787 1
0.578506 4
0.489384 1
2.364772 11
0.004999 240
0.004324 42
0.000035 62
0.003129 238
0.000248 69
7.631315 38
0.609673 1
0.631022 1
0.041184 1
0.039990 1
0.040324 1
0.039159 1
0.040269 1
0.251926 1
0.146744 1
0.146039 1
0.140354 1
0.143180 1
0.172130 1
0.545145 1
0.463129 5
0.124112 5
0.337584 5
0.338484 5
0.424625 5
0.101273 5
0.686123 2
0.000836 9
0.003417 240
0.001601 42
0.000041 62
0.003129 238
0.000197 69
1395.248991 1
0.063723 1
0.117617 1
0.079091 1
0.081336 1
0.071979 1
0.070012 1
0.442383 1
0.075961 1
0.092747 1
0.154410 1
0.094143 1
0.089518 1
0.144711 1
0.087909 1
0.357864 1
0.103808 1
0.244644 11
0.005217 240
0.039630 84
0.000015 65
0.000434 42
0.000076 62
0.002912 238
0.000196 8
0.000012 61
0.699883 17
0.286245 4
0.107069 4
0.402232 1
0.088971 1
0.171365 11
0.004724 240
0.036125 180
0.008963 91
0.000014 176
0.001913 42
0.000078 62
0.003047 238
0.000196 8
0.000016 61
2.303033 1
0.062126 1
0.108537 1
0.116116 1
0.043583 1
0.094335 1
0.011401 1
0.385807 4
0.133630 4
0.141526 4
0.814216 1
0.058907 1
0.208871 1
0.180356 1
0.059583 1
0.115420 11
0.004992 240
0.016602 78
0.000012 157
0.000007 59
0.000327 42
0.000070 62
0.002931 238
0.000152 8
0.000010 61
5.212126 1
0.015664 1
0.039521 1
0.014456 1
0.855305 4
0.127681 4
0.148378 4
0.145148 4
0.124976 1
3.190668 1
2.060349 1
2.075057 1
179.704595 1
0.097229 1
0.091588 1
0.179654 1
0.166556 1
0.096768 1
0.185679 1
0.615430 11
0.005112 439
0.000013 105
0.000011 62
0.000010 99
0.000009 110
0.000012 194
0.000009 100
0.000011 112
0.000010 91
0.000010 86
0.000011 103
0.000009 111
0.000011 111
0.000012 157
0.000010 97
0.000010 68
0.000010 72
0.000011 51
0.000009 90
0.000010 96
0.000011 45
0.000010 88
0.000010 134
0.000010 95
0.000010 44
0.000010 124
0.000010 114
0.000021 87
0.000013 259
0.000009 89
0.000009 114
0.000009 84
0.000007 87
0.000009 84
0.000008 117
0.000008 97
0.000009 120
0.000008 87
0.000009 72
0.000009 67
0.000010 35
0.000007 56
0.000009 180
0.000009 68
0.000009 163
0.000008 82
0.000009 99
0.000009 107
0.000008 46
0.000010 40
0.000008 73
0.000010 104
0.000010 57
0.000009 133
0.000007 74
0.000010 61
0.000009 69
0.000009 107
0.000010 97
0.000009 56
0.000009 228
0.000010 105
0.000009 209
0.000009 191
0.000009 57
0.000009 136
0.000009 83
0.000008 57
0.000010 38
0.000013 207
0.000008 169
0.000009 98
0.000009 191
0.000009 144
0.000009 38
0.000010 195
0.000008 184
0.000010 298
0.000008 241
0.000009 60
0.000009 143
0.000008 73
0.000008 57
0.000008 155
0.000010 64
0.000007 82
0.000009 36
0.000009 152
0.000010 85
0.000009 182
0.000007 86
0.000093 42
0.000073 62
0.003193 238
0.000232 8
0.000014 61
29.118479 1
0.270860 1
0.968370 1
0.097681 1
0.125270 1
0.239100 1
0.096439 1
0.355210 1
0.311582 1
0.286608 1
0.207533 1
0.990902 1
0.245053 1
0.080353 1
0.165354 1
0.125205 1
0.166923 1
0.059251 1
0.263783 1
0.243796 1
0.253754 1
0.398537 1
0.242544 1
0.088472 1
0.194144 1
0.112267 1
0.065279 1
0.724915 1
0.218920 1
1.388785 1
0.137095 1
0.123136 1
0.161976 1
0.153471 1
0.148330 1
0.139595 1
0.155360 1
0.197325 1
0.233754 1
0.213942 1
2.760534 1
0.068192 1
0.148664 1
0.300593 1
0.367650 1
0.202702 1
1.526228 1
0.262467 1
1.332083 1
0.112193 1
0.287981 1
0.345858 1
0.174163 1
0.095409 1
0.138901 1
0.105288 1
0.118157 1
0.133621 1
0.107116 1
0.174021 1
0.196154 1
0.124232 1
0.019095 1
0.625742 1
0.784114 11
0.000988 42
0.000028 62
0.003644 238
0.000213 8
0.000014 61
1.036198 1
0.053868 1
0.110144 1
0.136922 1
0.151149 1
0.299456 2
0.000021 9
0.005355 240
0.001098 11
0.000200 42
0.000062 62
0.002933 238
0.000199 8
0.000011 61
57.413952 1
0.092991 1
0.156019 11
0.005313 240
0.000948 42
0.000215 42
0.000070 62
0.002753 238
0.000144 8
0.000008 61
7.582524 1
0.180614 1
0.765420 1
0.177352 1
0.126542 1
0.209295 1
0.067865 1
0.217590 11
0.005219 240
0.000147 47
0.000079 62
0.003488 243
0.000205 8
0.000014 66
3.706237 1
0.083829 1
0.083870 1
0.163235 1
0.852019 1
0.223673 1
0.271796 11
0.005259 245
0.002412 10
0.000017 112
0.000280 47
0.000065 62
0.002856 243
0.000209 8
0.000015 66
1.882911 1
0.097969 1
0.011954 1
0.144196 1
0.016258 1
1.071651 1
0.258442 1
1.561299 1
1.326185 1
0.135283 11
0.004554 245
0.001288 47
0.000056 62
0.002681 243
0.000155 74
0.337488 1
0.224939 1
0.138139 1
0.200791 1
0.132461 1
0.147380 1
0.198968 1
0.283539 1
0.222912 11
0.004515 245
0.001113 15
0.000029 129
0.001291 126
0.000017 180
0.000306 47
0.000083 62
0.003396 243
0.000199 74
34.187962 1
0.118545 1
0.104993 1
0.127811 1
0.792872 1
0.175924 1
0.105474 1
0.423341 4
0.135653 4
0.142509 4
0.422511 1
0.104023 1
1.084461 1
0.100378 1
0.610497 1
0.241555 11
0.005395 245
0.002222 10
0.000242 47
0.000027 62
0.003050 243
0.000146 74
1.528529 9
0.238008 4
0.135836 4
0.175538 4
0.336097 1
0.410148 1
0.606332 1
0.130134 1
0.404166 1
0.492082 11
0.005405 245
0.002045 10
0.000242 47
0.000066 62
0.002976 243
0.000209 8
0.000014 66
1.823607 11
0.677815 4
0.136230 4
0.150254 4
0.153327 4
0.155919 4
0.159507 4
0.160694 4
0.456264 1
0.373569 1
1.104789 1
1.826009 1
0.356049 4
0.201966 4
0.239569 2
0.000012 9
0.004648 245
0.002611 11
0.000031 241
0.000012 63
0.000260 47
0.000061 62
0.002669 243
0.000150 8
0.000016 66
2.812423 6
0.149170 9
0.149452 18
0.178924 29
0.655169 11
0.004326 245
0.001090 15
0.000037 129
0.001385 74
0.000025 52
0.000017 45
0.000013 135
0.000287 47
0.000060 62
0.003096 243
0.000195 8
0.000015 66
88.650936 1
0.211605 1
0.112843 1
0.278451 1
0.130697 1
0.136211 1
0.295609 11
0.005196 245
0.001138 13
0.000021 130
0.000498 117
0.000036 180
0.000320 47
0.000077 62
0.003195 243
0.000167 8
0.000010 66
115.382275 1
0.140573 1
0.162197 1
0.639787 1
0.359414 1
0.059130 1
1.513998 1
0.221224 1
0.233121 1
0.459364 1
0.272921 1
0.108303 1
4.291206 2
0.000026 9
0.005034 245
0.000945 149
0.000019 86
0.000016 53
0.000015 58
0.000014 52
0.000015 85
0.000014 101
0.000016 51
0.000014 64
0.000015 67
0.000016 71
0.000015 62
0.000014 64
0.000014 59
0.000015 58
0.000016 18
0.001281 47
0.000050 62
0.003016 243
0.000221 8
0.000008 66
105.728768 12
0.816995 1
0.180688 1
0.622249 3
0.384430 5
0.425259 1
0.227769 1
0.176025 1
0.092994 1
0.175786 1
0.110364 1
0.270749 1
0.152840 1
0.147328 1
0.128274 1
0.331922 1
0.118058 1
0.168200 1
0.042906 1
0.244540 11
0.005300 245
0.002711 47
0.000068 71
0.003008 243
0.000227 8
0.000016 66
25.471301 28
0.316888 4
0.108857 4
0.106345 4
0.141271 4
0.131573 4
0.142754 4
0.126185 4
0.138955 4
0.725991 1
0.192685 1
0.141497 1
0.222426 1
0.177737 11
0.004963 245
0.002445 29
0.000334 47
0.000033 62
0.002583 243
0.000196 8
0.000010 66
125.929820 1
0.052469 1
0.123842 1
0.050954 1
0.081877 1
0.242282 1
0.184740 1
0.385273 1
0.170956 1
0.109429 1
0.729154 1
0.500821 1
0.146501 1
0.320033 1
1.055461 1
2.573044 1
15.129593 1
0.870027 1
0.430050 1
0.337987 1
0.733910 1
0.711834 1
0.196851 1
0.311156 1
5.369914 1
0.180449 1
0.176354 1
0.082938 1
0.437109 1
0.143193 1
0.195080 1
0.082767 1
0.578369 11
0.005713 245
0.128642 19
3.017644 2
0.369694 231
0.062097 45
0.001919 47
0.000066 62
0.003208 243
0.000249 8
0.000009 66
12.351745 1
0.098177 1
0.155414 1
0.294131 4
0.106588 1
0.208310 1
0.218270 1
1.784167 1
0.235086 1
0.196230 1
0.140716 1
0.107380 1
0.146602 1
0.119086 1
0.197436 1
0.114905 1
1.699675 1
1.501929 1
0.275192 1
1.119672 1
2.068426 11
0.005902 245
0.004190 66
0.000294 47
0.000040 71
0.002969 243
0.000173 8
0.000011 66
1.315792 18
0.777018 18
0.596887 5
0.112970 5
0.110779 5
0.038736 5
0.078841 5
1.270378 2
0.000018 9
0.005397 245
0.322626 231
0.003055 45
0.001658 47
0.000102 62
0.003051 243
0.000140 8
0.000007 66
1.435228 23
0.117545 1
0.570146 1
0.039718 1
0.040454 1
0.041487 1
0.040133 1
0.039591 1
0.040465 1
0.039588 1
0.040975 1
0.039538 1
0.039796 1
0.039991 1
0.176312 1
0.361404 3
0.340198 5
0.116953 5
0.152889 5
2.612884 5
0.140596 5
0.095406 5
0.220999 9
2.868384 4
0.247505 5
0.151410 5
0.183790 5
0.195177 5
0.412025 2
0.000014 9
0.004952 245
0.337161 231
0.004108 45
0.001766 47
0.000084 62
0.003132 243
0.000137 8
0.000042 66
0.979820 1
0.096549 1
0.110109 1
0.120980 1
0.212525 1
0.329187 1
0.877824 11
0.005486 245
0.003113 11
0.000009 116
0.000006 68
0.000257 47
0.000054 62
0.003211 243
0.000195 8
0.000017 66
54.003316 1
0.072145 1
0.143602 1
0.147956 1
0.414022 1
1.071396 4
0.135348 4
0.143045 4
0.158553 4
0.148302 4
0.978408 1
0.101271 1
0.106081 1
0.055595 1
0.080885 1
0.178736 1
0.092325 1
0.436317 1
0.123053 1
0.066978 1
0.146141 1
0.137278 1
0.118251 1
0.159732 1
0.195026 1
0.167237 1
0.111498 1
0.317394 1
0.116657 1
0.139711 1
0.145207 1
0.601307 1
0.298104 11
0.005020 245
0.344046 231
0.003272 45
0.001732 47
0.000054 62
0.002759 243
0.000260 8
0.000012 66
1.303085 1
0.097958 1
0.079766 1
0.054856 1
0.072596 1
1.180232 1
0.219697 1
0.248675 1
0.104691 1
0.084366 1
0.275331 1
0.190331 1
0.093278 1
0.867077 1
0.160038 1
1.916033 4
1.582161 1
0.186407 1
0.231608 1
0.256126 1
0.168804 1
0.127668 1
0.238404 1
0.158814 1
0.391777 11
0.005341 245
0.337537 231
0.040120 45
0.001630 47
0.000071 62
0.003502 243
0.000139 8
0.000009 66
2.795004 1
0.160637 1
0.166717 1
0.244311 1
0.115024 1
0.096758 1
0.347398 1
0.261999 1
0.192163 1
0.219030 1
0.105598 1
0.356977 1
0.825532 1
0.110338 1
0.121620 1
0.381808 1
0.203868 1
0.165801 11
0.005138 245
0.002224 12
0.000290 47
0.000089 62
0.003345 243
0.000141 8
0.000009 66
7.848199 17
0.235497 4
0.120818 4
0.138483 4
0.138620 4
0.373348 1
0.187308 1
0.371791 1
0.261550 1
0.186024 1
0.148679 1
0.127857 1
0.182191 1
0.602141 1
0.223666 11
0.004949 245
0.002384 175
0.000382 47
0.000082 62
0.002950 243
0.000131 8
0.000009 66
9.171105 1
0.077347 1
0.082742 1
0.055430 1
0.078174 1
0.152761 1
0.174547 1
0.242296 1
0.117176 1
0.056518 1
0.384511 1
0.249380 1
0.145622 1
0.094107 1
0.143871 1
0.241441 1
0.466803 1
0.788838 4
1.363724 1
0.451736 4
0.154508 1
0.538596 1
0.070664 1
0.664186 1
1.490425 1
0.112209 1
0.929319 1
0.247709 1
0.164991 1
0.189807 1
0.103761 1
0.146786 1
0.119843 1
0.171792 1
0.144756 1
3.793975 11
0.005031 245
0.318467 232
0.060274 45
0.001538 47
0.000064 62
0.003022 243
0.000151 8
0.000011 66
0.410991 1
0.080266 1
0.105936 1
0.057231 1
0.070184 1
0.134986 1
0.086684 1
0.190216 1
0.069928 1
0.104116 1
0.166411 1
0.092187 1
0.098017 1
0.189464 1
0.218514 1
0.201359 1
0.146190 1
0.176056 1
0.170574 1
0.494069 1
0.139803 1
0.383482 1
0.539150 1
0.383075 1
0.209508 1
0.117901 1
0.209542 1
0.257136 11
0.004941 245
0.031785 232
0.002971 45
0.001418 47
0.000112 62
0.003070 243
0.000135 8
0.000018 66
39.486941 1
0.057200 1
0.115613 1
0.049859 1
0.086304 1
0.148513 1
0.305557 1
0.202497 1
0.256637 1
0.393786 1
0.258008 1
0.266525 1
1.339929 1
0.282132 1
0.111317 1
0.142798 1
0.209399 1
0.241760 1
26.993683 11
0.004835 245
0.340043 232
0.097555 45
0.001950 47
0.000100 62
0.003428 243
0.000139 8
0.000009 66
1.799424 1
0.057832 1
0.106070 1
0.173849 1
0.464770 4
0.155303 4
0.156087 4
0.181364 4
10.124148 1
0.293019 1
0.193422 1
0.182851 1
0.206931 1
0.137581 1
0.189040 1
0.081963 1
0.462216 11
0.005181 245
0.001257 40
0.000273 47
0.000032 62
0.003087 243
0.000165 8
0.000023 66
1.770132 8
0.268191 1
0.209079 1
0.097879 1
0.092265 1
0.151774 1
0.186904 1
0.077040 11
0.004048 245
0.000846 54
0.000034 17
0.000208 47
0.000056 71
0.003066 243
0.000178 8
0.000010 66
1.831907 14
1.267655 11
0.004227 245
0.001135 54
0.000058 17
0.000263 47
0.000038 71
0.003134 243
0.000184 8
0.000015 66
3.188567 1
0.073478 1
0.086130 1
0.135049 1
0.085188 1
1.069746 1
0.483199 1
0.078431 1
0.184414 1
0.186913 1
0.312490 11
0.005181 245
0.094892 14
2.632181 2
0.894481 2
0.000935 2
0.000146 47
0.001144 87
0.003148 243
0.000191 74
1.637512 1
0.059745 1
0.079869 1
0.070530 1
0.060835 1
0.132487 1
0.011352 1
0.507793 4
0.115143 4
5.210855 4
0.124556 4
0.135700 4
0.142123 4
0.126838 4
0.877203 1
0.062018 1
0.107460 1
0.107856 1
0.077318 1
0.084413 1
1.526660 1
0.223745 1
0.155838 1
0.228975 1
0.153086 1
0.154932 1
0.074057 1
0.063085 11
0.004976 245
0.002589 18
0.000194 47
0.000069 62
0.003480 243
0.000193 8
0.000015 66
2.340083 1
0.497155 4
1.406455 1
0.066478 1
0.111381 1
0.053011 1
0.065814 1
0.284863 1
0.241335 1
0.101038 1
0.366612 1
0.086220 1
0.147578 1
0.073004 1
0.265759 1
0.252415 1
0.067163 1
0.104270 1
0.165749 1
0.185630 1
0.330891 11
0.004524 245
0.008817 37
0.000029 2
0.000918 47
0.000106 71
0.003088 243
0.000225 8
0.000018 66
1.413280 18
0.166590 1
0.630443 1
0.040244 1
0.042155 1
0.039620 1
0.040134 1
0.040094 1
0.310223 1
0.160674 1
0.162714 1
0.400408 5
0.145656 5
0.243973 5
0.966456 3
0.153347 3
0.163587 3
0.162136 3
0.155755 5
0.192536 5
0.416275 5
0.238484 11
0.004519 245
0.322170 232
0.090331 45
0.001582 47
0.000079 62
0.003544 243
0.000143 8
0.000012 66
1.901200 1
0.165246 1
0.287603 1
0.267043 1
0.239797 1
0.149520 1
0.217560 1
0.147018 1
0.175455 11
0.005220 245
0.001305 40
0.000231 47
0.000069 62
0.002952 243
0.000321 74
2.298918 1
0.059969 1
0.106902 1
0.096652 1
0.015652 1
0.245179 1
0.104556 1
0.128903 1
0.148897 1
0.499157 1
1.490561 1
0.374060 1
0.297096 1
0.507973 1
0.081321 1
0.144139 1
0.106105 1
0.078116 1
0.165475 1
0.128651 1
0.150265 1
0.159738 1
0.208029 1
0.072846 11
0.005846 245
0.322043 232
0.001930 45
0.001324 47
0.000050 62
0.002915 243
0.000187 8
0.000015 66
42.486141 1
0.372617 1
0.153214 1
0.161255 1
0.112804 1
0.153681 1
0.074290 1
0.090236 1
0.142437 1
0.145154 1
0.986275 1
0.212927 1
0.093962 1
0.080901 1
0.174315 1
0.219119 1
0.268996 11
0.005091 245
0.004455 2257
0.000151 47
0.000046 71
0.003184 243
0.000187 8
0.000016 66
2.214937 16
0.318616 4
0.148630 4
0.132603 4
0.144778 4
0.142919 4
0.769339 4
0.221163 4
0.362967 4
0.136838 4
0.118855 4
0.158514 4
0.148457 4
0.151628 4
0.154362 4
0.146730 4
0.315804 4
1.088254 1
1.372775 1
0.689667 1
0.107096 1
0.168333 1
0.082301 1
0.164636 1
0.226604 1
0.155314 1
0.367302 1
0.331048 1
0.133562 1
0.562666 1
0.167733 1
0.256755 1
0.158229 1
0.143871 1
0.146305 1
0.201981 1
0.092548 1
0.156094 1
0.207838 1
6.688026 1
0.253657 1
0.129401 1
0.160411 1
0.226730 1
0.248834 1
0.092911 1
0.091629 1
0.121660 1
0.605193 1
0.105765 1
0.162726 1
0.076153 1
0.093430 1
0.124570 1
0.523588 4
0.360683 1
0.085279 1
0.155888 1
0.059286 1
0.091207 1
1.544108 1
0.291644 4
0.256139 1
0.303255 1
0.162092 1
0.165418 1
0.123712 1
0.147191 1
0.077623 1
0.745296 1
0.286636 1
0.137430 1
1.203809 1
0.094523 1
0.172687 1
0.074709 1
0.155454 1
0.091265 1
0.202051 1
0.172088 1
0.256566 1
0.224415 1
0.322502 11
0.000190 47
0.000038 71
0.003669 243
0.000196 74
1.726776 61
0.132270 152
0.134016 53
0.586173 36
0.490417 26
1.283491 38
0.918604 35
0.722706 27
0.708750 38
0.585198 9
0.461046 26
1.725592 11
0.005025 245
0.323234 232
0.085626 59
0.000944 45
0.001735 47
0.000057 62
0.003464 243
0.000144 8
0.000008 66
2.346994 1
0.255491 1
0.289956 1
0.186498 1
0.290434 1
0.368311 4
0.150246 4
0.135985 4
0.143639 4
0.135198 4
0.758675 1
0.048700 1
0.110713 1
0.077238 1
0.042488 1
0.170585 1
0.042317 1
0.354407 1
0.151113 1
0.216663 1
0.177279 1
0.093106 1
0.372331 1
0.118675 1
0.116906 1
0.181482 1
0.183578 1
0.213077 11
0.004699 245
0.032368 232
0.010801 21
2.223391 2
0.001059 102
7.002584 63
0.000347 72
0.000778 45
0.001799 47
0.000096 72
0.003278 243
0.000140 8
0.000032 66
0.938146 17
0.608033 11
0.004672 245
0.037585 232
0.007502 21
2.266940 2
0.002379 161
1.228499 2
0.040685 60
0.000848 45
0.002101 47
0.000113 62
0.002999 243
0.000146 8
0.000014 66
0.669672 17
3.353106 4
0.570800 4
0.039194 4
0.040292 4
0.040198 4
0.039728 4
0.039881 4
0.040658 4
0.039885 4
0.039499 4
0.040436 4
0.040087 4
0.039475 4
0.356916 4
0.124705 4
0.185398 1
0.143933 1
0.112283 1
0.212138 1
0.091156 1
0.115573 1
0.164106 1
0.167076 1
0.043857 11
0.004669 245
0.119056 14
1.547907 2
0.295395 231
0.165869 19
0.002702 217
0.000234 8
0.000016 38
3.706050 1
0.168424 1
0.151780 1
0.097313 1
0.078189 11
0.004567 219
0.000105 14
0.000892 45
0.002720 47
0.000078 62
0.003059 243
0.000130 8
0.000014 66
1.055650 1
0.067140 1
0.082991 11
0.003892 245
0.001195 43
0.000250 47
0.000041 62
0.002998 243
0.000197 74
16.790009 1
0.083262 1
0.200708 1
0.092036 1
0.108914 1
0.380208 1
5.923959 1
0.181138 1
1.218922 4
4.759872 1
0.278271 1
0.516320 1
2.243782 1
0.117718 1
0.442063 1
0.204935 11
0.004978 245
0.000957 47
0.000029 62
0.003180 243
0.000400 74
1.597178 1
0.101193 1
0.141460 1
1.156858 1
0.072389 1
0.113891 1
0.165473 1
0.231437 1
0.210419 11
0.005152 245
0.124360 14
2.446690 2
0.303773 231
0.077780 57
0.002943 245
0.000332 8
0.000021 76
0.466225 1
0.080061 1
0.821684 4
0.121445 4
0.217389 1
0.139212 1
0.113420 1
0.138834 1
0.265235 1
0.222998 1
0.138416 11
0.004067 247
0.000065 30
0.000023 57
0.000063 71
0.002232 245
0.000122 8
0.000011 76
0.429024 1
0.181829 1
0.223906 1
0.065139 1
0.168859 11
0.004484 253
0.000478 45
0.002705 47
0.000076 71
0.003570 243
0.000139 8
0.000008 66
1.003732 1
0.056880 1
0.371629 11
0.005124 245
0.001011 43
0.000239 47
0.000035 62
0.003087 243
0.000178 8
0.000011 66
2.237964 1
0.071102 1
0.129912 1
0.141097 1
0.154982 1
0.170274 11
0.005302 245
0.000863 11
0.000190 47
0.000066 62
0.003147 243
0.000190 8
0.000010 66
29.228136 1
0.041104 1
0.329052 1
0.357523 4
0.195345 1
0.158422 1
0.482208 4
0.622551 1
0.096385 1
0.221558 1
0.176821 1
0.092778 1
0.183525 1
0.209216 1
0.089169 11
0.005149 245
0.117032 14
3.551276 2
0.306025 231
0.150823 19
0.002747 217
0.000366 8
0.000013 38
0.722703 1
0.149498 1
0.223512 1
0.166631 1
0.135669 1
0.094982 1
0.153787 1
0.425055 1
0.216367 1
0.288703 1
0.060761 1
0.162853 1
0.146307 1
0.187730 1
0.248966 1
0.115367 11
0.004118 219
0.000794 2082
0.000023 961
0.000231 19
0.000055 62
0.002330 217
0.000173 8
0.000015 38
3.015220 1
0.022158 1
0.017742 1
0.032678 1
0.729174 4
0.146784 4
0.136955 4
0.164257 4
120.557175 1
0.136765 1
0.204278 1
0.111125 1
0.133938 1
0.203751 1
0.488534 1
0.263443 1
0.077778 1
0.740312 1
0.039795 1
0.139510 1
0.238806 1
0.353386 1
0.058052 1
0.313818 11
0.005221 219
0.000837 16
0.000075 17
0.000221 19
0.000057 71
0.002422 217
0.000319 8
0.000015 38
11.473626 1
0.229761 1
0.159307 1
0.090911 1
0.055506 11
0.004589 219
0.000026 14
0.000717 45
0.002701 47
0.000038 71
0.003394 243
0.000145 8
0.000009 66
1.998212 1
0.087908 1
0.069182 1
0.067088 1
0.082755 1
0.312826 1
0.099397 1
0.166384 1
0.099959 1
0.104697 1
0.225760 1
0.173035 1
0.189032 1
0.050118 1
0.242079 1
0.076013 1
0.099637 1
0.245732 1
0.210214 1
0.357989 4
0.233200 1
0.040228 1
0.287368 11
0.005413 245
0.304192 232
0.001683 1308
0.000268 45
0.001525 47
0.000064 62
0.002803 243
0.000144 8
0.000008 66
42.400023 1
0.124457 1
0.155376 1
0.089428 1
0.284574 1
0.348390 1
0.173281 1
0.175191 1
0.270199 1
0.187122 1
0.110350 1
0.190697 1
0.094026 1
0.175609 1
0.164783 1
0.208593 1
0.233846 1
0.095515 1
0.182068 1
0.118746 1
0.166826 1
0.063322 1
0.483138 1
0.096425 1
2.795146 2
0.000045 9
0.000541 47
0.000124 62
0.004143 243
0.000190 74
157.664356 24
0.959777 48
1.188736 44
0.141129 27
1.346506 1
0.054641 1
1.868595 1
0.224211 1
0.153233 1
0.132357 1
0.061190 1
0.114366 11
0.004773 245
0.093128 14
0.230433 2
2.854462 19
0.000989 47
0.000042 71
0.003647 243
0.000460 74
0.422660 1
0.077909 1
0.096339 1
0.053337 1
0.079543 1
0.519113 1
0.056898 1
0.085651 1
0.202384 1
0.172927 1
0.123624 1
0.053109 1
0.126851 11
0.004549 245
0.348302 232
0.008445 217
0.092581 56
0.002785 244
0.000294 83
1.166915 1
0.194021 1
0.172065 1
0.099175 1
0.076509 11
0.004053 252
0.000340 45
0.001905 45
0.001546 47
0.000088 62
0.003060 243
0.000139 8
0.000008 66
105.776105 1
0.081614 1
0.076437 1
0.142178 1
0.146309 1
0.156191 11
0.004728 245
0.001007 11
0.000233 47
0.000057 62
0.003207 243
0.000345 74
25.096490 1
0.068030 1
0.121910 1
0.198640 1
0.186210 1
1.899077 1
0.443784 1
0.213816 1
0.817656 1
0.174053 1
0.260988 1
0.098199 1
0.265588 1
0.649376 1
0.186096 1
0.266661 1
0.128944 1
0.138152 1
0.184534 1
0.255410 1
0.183075 1
0.053430 1
3.580021 11
0.005259 245
0.316498 232
0.104535 45
0.001755 47
0.000052 62
0.003464 243
0.000139 8
0.000010 66
0.732759 1
0.243834 1
1.529878 1
0.111436 1
0.160070 1
0.139252 1
0.099437 1
0.147580 1
0.151102 1
0.054838 1
0.190990 1
0.226602 1
0.220599 1
0.094076 1
0.127311 1
0.281914 1
0.703787 1
4.431742 1
0.520335 1
0.170612 1
0.432331 1
0.083195 1
0.205292 1
0.212913 1
0.735314 11
0.000160 47
0.000038 62
0.003863 243
0.000156 74
4.497990 1
0.101194 1
0.085718 1
0.070425 1
0.083729 1
0.834431 1
0.224478 1
0.240345 1
0.168978 1
0.212658 1
0.185537 1
0.104699 1
0.257537 1
0.188604 1
0.219985 1
1.009350 1
0.148491 1
0.158469 1
0.201172 1
0.117802 1
0.079264 1
0.359181 1
0.011578 11
0.000526 10
2.003921 28
0.000018 2
0.000093 47
0.001107 87
0.003852 243
0.000344 74
0.708296 22
0.311869 4
0.336640 11
0.005344 245
0.323650 232
0.007706 21
8.961880 2
0.004328 151
3.075628 63
0.000501 72
0.001165 45
0.001887 47
0.000043 72
0.003302 243
0.000139 8
0.000008 66
1.184358 21
0.846422 11
0.004864 245
0.027914 232
0.007703 21
5.080825 2
0.000117 102
1.652422 2
0.041725 60
0.000875 45
0.001708 47
0.000056 62
0.003379 243
0.000189 8
0.000017 66
2.902899 1
0.082127 1
0.207013 1
0.201093 1
0.115149 1
0.295574 1
0.146811 1
0.185527 1
0.123383 1
0.178806 1
0.189179 1
0.141049 1
0.097583 1
0.077611 1
0.230598 11
0.005077 245
0.125488 14
1.538498 2
0.286869 235
0.153932 23
0.002493 225
0.000320 8
0.000018 42
0.943381 1
0.159476 1
0.151881 1
0.087128 1
0.105011 11
0.004195 227
0.000102 14
0.001163 45
0.002510 47
0.000105 62
0.003123 243
0.000154 8
0.000008 66
4.243910 1
0.221016 1
1.833996 3
0.353738 3
0.249082 3
0.127355 4
0.532721 3
0.337827 3
0.347500 4
0.563726 3
0.243317 4
0.435101 3
0.191173 4
2.022224 3
1.129205 3
0.210360 3
0.281218 4
1.094107 1
0.070819 1
0.202299 1
0.143743 1
0.175281 1
0.418159 1
0.582972 1
0.572394 3
0.177420 4
0.571253 3
0.539931 3
0.797030 11
0.000295 47
0.000065 62
0.004261 243
0.000221 74
32.414247 1
0.061168 1
0.101149 1
0.078232 1
0.072562 1
0.166805 1
0.107716 1
0.344438 1
0.156631 1
0.252101 1
0.078000 1
1.917465 11
0.004912 245
0.330336 232
0.033306 8
0.000036 54
0.000011 13
0.000991 61
0.000102 38
0.000010 6
0.000400 157
0.000053 203
0.000019 164
0.000020 163
0.000241 140
0.000013 258
0.000019 232
0.000019 196
0.000010 132
0.000024 299
0.000020 394
13.004399 22
0.629872 22
0.042298 22
0.040156 18
0.000018 4
0.039490 22
0.040515 22
0.039644 22
0.040402 23
0.039303 23
0.040834 23
0.039839 23
0.040298 23
0.039046 23
0.041096 23
0.039361 23
0.040294 23
0.039351 23
0.040183 23
0.040523 6
0.000019 17
0.039633 31
0.040161 23
0.039608 23
0.040498 18
0.000018 5
0.039668 23
0.040737 23
0.039454 18
0.000019 5
0.324035 23
0.166742 23
0.158138 23
0.357576 23
0.631292 23
0.041600 23
0.040529 23
0.040196 23
0.038962 23
0.040062 23
0.040081 23
0.040031 23
0.040762 18
0.000017 16
0.000012 15
0.040164 6
0.000019 12
0.000128 73
0.038876 34
0.000011 111
0.040046 18
0.000018 16
0.000013 15
0.040142 6
0.000017 28
0.000062 44
0.039887 6
0.000086 12
0.000020 126
0.040193 18
0.000015 31
0.039875 34
0.000022 42
0.039774 18
0.000018 16
0.000035 69
0.039526 18
0.000023 16
0.000014 15
0.040709 6
0.000049 28
0.000051 56
0.040393 6
0.000016 12
0.000031 16
0.000030 15
0.039527 6
0.000043 12
0.000008 16
0.000098 33
0.039952 6
0.000018 12
0.000024 16
0.000040 85
0.040707 6
0.000017 12
0.000048 16
0.000112 33
0.039005 18
0.000108 53
0.039383 6
0.000018 12
0.000040 16
0.000009 15
0.040480 18
0.000031 16
0.000030 33
0.039715 34
0.000016 95
0.040408 6
0.000025 12
0.000087 111
0.040448 6
0.000046 12
0.000061 16
0.000092 93
0.039387 34
0.000081 95
0.039667 6
0.000016 12
0.000037 16
0.000023 96
0.038811 6
0.000011 12
0.000032 16
0.000025 33
0.040645 18
0.000021 16
0.000094 43
0.039605 6
0.000017 12
0.000094 62
0.041343 6
0.000045 12
0.000111 16
0.000045 15
0.039043 6
0.000100 12
0.000093 113
0.039381 18
0.000093 31
0.000016 78
0.040027 6
0.000017 12
0.000010 16
0.000021 95
0.040404 18
0.000012 16
0.000074 87
0.039892 34
0.000016 94
0.040139 6
0.000042 28
0.000084 71
0.039136 6
0.000019 12
0.000010 16
0.000048 53
0.039731 34
0.000016 15
0.040836 34
0.000022 37
0.080077 18
0.000109 107
0.336450 34
0.000019 86
0.236351 18
0.000015 16
0.000007 97
0.340749 6
0.000012 28
0.000070 94
0.570379 18
0.000085 113
0.038720 49
0.040765 34
0.000018 33
0.039930 6
0.000014 28
0.000081 95
0.039455 18
0.000020 68
0.039853 18
0.000016 16
0.000031 33
0.040444 6
0.000017 12
0.000042 31
0.000011 48
0.039287 18
0.000030 31
0.040174 6
0.000018 28
0.000022 126
0.146327 18
0.000016 16
0.000082 15
1.661659 18
0.000016 114
0.630600 18
0.000102 114
0.041437 34
0.000045 44
0.039751 18
0.000015 58
0.040141 18
0.000032 50
0.039430 18
0.000014 16
0.000040 96
0.040585 18
0.000015 16
0.000038 34
0.039218 6
0.000077 119
0.040011 34
0.000034 34
0.040076 6
0.000012 28
0.000027 75
0.039988 18
0.000015 16
0.000031 15
0.000041 82
0.040180 18
0.000037 31
0.686743 6
0.000095 28
0.000070 98
0.279996 18
0.000024 16
0.000035 68
0.397260 6
0.000017 12
0.000027 16
0.000049 124
0.631166 34
0.000017 15
0.038789 6
0.000012 12
0.000027 16
0.000035 83
0.040008 18
0.000028 16
0.000040 87
0.039850 34
0.000017 15
0.041574 18
0.000036 80
0.040212 34
0.000080 109
0.039931 18
0.000022 31
0.039448 6
0.000016 12
0.000010 16
0.000040 94
0.040782 82
0.039348 6
0.000085 12
0.000012 16
0.000040 93
0.040141 18
0.000026 16
0.000038 15
0.040280 6
0.000021 28
0.000062 92
0.039272 18
0.000043 89
1.772427 18
0.000024 31
0.479698 6
0.000016 12
0.000031 16
0.000041 110
0.289370 6
0.000027 43
0.000008 43
0.391807 18
0.000038 16
0.000013 15
1.919536 18
0.243089 18
64.233807 38
0.000200 41
2.642562 18
0.000019 17
0.158944 35
0.217725 18
0.000018 17
0.381441 35
0.121935 35
0.095482 18
0.000021 17
0.191960 18
0.000018 17
0.212888 35
0.230318 35
0.901628 6
0.000875 44
3.017804 6
0.000037 13
0.224859 19
0.494379 19
0.325147 19
0.260560 19
0.187896 19
0.170492 6
0.000013 13
0.211950 19
0.249226 19
0.742327 47
1.459874 19
0.152745 19
0.144426 19
0.353864 19
0.223711 19
0.266385 19
0.119138 19
0.124632 19
0.153520 19
0.639572 25
0.240559 19
0.698834 47
2.664261 19
0.126122 19
0.324176 19
0.139792 19
0.347968 19
0.168774 19
0.219130 19
0.258421 19
0.278023 19
1.267344 19
0.291537 19
0.106761 19
0.176446 19
0.113884 6
0.000018 13
0.172868 19
0.080374 19
0.105809 19
0.242478 19
1.141112 19
0.088889 19
0.128567 19
0.078347 19
0.084815 19
0.099276 19
0.130352 6
0.000018 13
0.184747 19
0.053676 6
0.000017 13
0.097017 6
0.000021 13
0.427840 19
0.226406 19
0.097408 19
0.161451 19
0.107759 6
0.000018 13
0.096657 19
0.136649 6
0.000018 13
0.148277 6
0.000020 13
0.173085 19
0.136220 19
0.158640 6
0.000019 13
0.224033 6
0.000021 13
14.392088 19
0.571031 19
0.042470 19
0.039776 19
0.039747 19
0.039742 19
0.040258 19
0.040217 21
0.039798 19
0.040332 19
0.040032 19
0.039381 19
0.040214 19
0.039814 19
0.039949 19
0.041247 21
0.038687 19
0.040593 19
0.039548 19
0.039367 19
0.041071 19
0.040190 19
0.039835 19
0.039464 21
0.040441 19
0.039852 19
0.040131 19
0.165311 19
0.185446 19
0.185855 19
0.236265 19
0.739685 6
0.000021 52
18.148620 35
0.000019 15
0.268022 18
0.063899 18
0.148081 18
14.308239 18
0.027313 18
16.300549 6
0.000074 267
0.151927 6
0.000021 379
0.000033 77
0.237229 6
0.000260 48
0.022710 134
0.001361 45
0.002301 47
0.000060 62
0.003075 243
0.000322 8
0.000010 66
11.116260 1
0.073397 1
0.119767 1
0.076429 1
0.196097 1
0.194088 1
0.128950 1
0.123727 1
0.163483 1
0.056594 1
0.175565 1
0.262614 1
0.061340 1
0.048909 1
0.220780 11
0.004383 245
0.001356 127
0.000305 47
0.000062 62
0.003151 243
0.000142 74
9.327775 1
0.057282 1
0.162878 1
0.255544 1
0.158367 1
0.260737 1
0.323576 1
0.121366 1
0.160503 1
0.154278 1
0.101551 1
0.077729 1
1.396208 11
0.005337 245
0.115677 14
1.987060 2
0.287953 235
0.076511 61
0.002649 249
0.000234 8
0.000011 80
4.948320 1
0.109149 1
0.160464 1
0.111364 1
0.217431 1
0.315096 1
0.313944 1
1.262008 1
0.311873 1
0.904405 1
0.190964 1
0.175164 1
0.222364 1
0.133182 1
0.187086 1
0.349107 1
0.168523 1
0.127236 1
0.254442 1
0.241574 1
0.179530 1
0.195334 1
0.278924 1
0.165602 1
0.189489 1
0.223064 1
0.167688 1
0.323144 1
0.085807 1
0.572595 1
0.433413 2
0.000023 9
0.004640 251
0.039765 381
0.000018 25
2.472283 2
0.036285 51
0.000673 61
0.000096 71
0.002856 249
0.000200 88
5.204229 1
0.054556 1
1.906755 1
0.201124 1
0.071612 1
0.115672 1
0.077396 1
0.070787 1
0.307287 1
0.104146 1
0.207039 1
0.222986 4
0.116887 4
0.132501 4
0.052925 1
0.153782 1
0.484696 1
0.078938 1
0.149273 1
0.048369 1
0.828991 11
0.004648 251
0.002121 89
0.000216 61
0.000067 71
0.002817 249
0.000135 8
0.000013 80
2.394574 1
0.082418 1
0.208790 1
0.639933 1
0.082518 1
0.140288 1
0.130279 1
0.158296 1
0.138482 1
0.884902 1
0.093618 1
0.114103 1
0.082284 1
0.076892 1
0.421671 1
0.093123 1
0.125010 1
0.244767 1
0.244732 1
0.166759 1
0.650116 11
0.004417 251
0.119507 14
3.588054 2
0.040339 221
0.117468 50
0.000246 63
0.000304 45
0.002319 61
0.000070 73
0.002932 249
0.000126 8
0.000017 80
6.199038 1
0.183973 1
0.542945 1
0.084359 1
0.107303 11
0.004545 257
0.000515 45
0.002732 47
0.000040 73
0.003184 243
0.000242 8
0.000016 66
3.226183 1
0.069932 1
0.093659 1
0.059563 1
0.064370 1
0.220144 1
0.077627 1
0.143089 1
0.253463 1
0.266878 1
0.094102 1
0.154641 11
0.005056 245
0.319327 232
0.004710 8
0.000092 54
0.000010 13
0.000119 61
0.000064 44
0.000342 157
0.000052 203
0.000012 164
0.000007 163
0.000256 140
0.000008 145
0.000024 189
0.000019 177
0.000019 216
0.000014 91
0.000013 282
0.000014 218
0.000015 181
0.000006 12
1.826613 6
0.000285 191
0.000012 152
0.000018 230
0.000008 19
0.000009 109
0.000017 19
0.000009 144
0.000018 135
0.000018 127
0.000016 188
0.000016 142
0.000015 175
0.000020 122
0.531216 6
0.000246 581
0.000010 335
0.000030 145
0.000027 203
0.000011 172
0.000010 139
0.000018 96
0.000009 146
0.000018 156
0.000006 47
0.440320 6
0.000152 662
0.000029 32
0.000021 48
0.000021 40
0.000014 31
0.000007 12
0.836053 22
0.570192 22
0.039952 22
0.039604 22
0.040700 18
0.000028 4
0.040859 22
0.039023 22
0.040375 23
0.040083 23
0.039546 23
0.040053 18
0.000016 5
0.039478 23
0.136586 18
0.154576 18
0.172743 21
0.227366 19
0.162834 34
0.138481 6
0.000024 13
1.206583 38
0.000017 30
0.410926 50
1.573215 6
0.000021 268
0.144521 6
0.000026 379
0.000086 77
0.124056 6
0.000112 48
0.023614 126
0.000024 8
0.001622 45
0.002525 47
0.000076 62
0.003224 243
0.000140 8
0.000008 66
1.353283 11
0.105007 19
0.529815 32
0.523766 32
0.674580 11
0.004698 245
0.038033 14
2.106967 2
0.289966 235
0.076377 61
0.002976 249
0.000325 8
0.000020 80
4.538615 1
0.097863 1
0.118073 1
0.064525 1
0.116780 1
0.158113 1
0.072673 1
0.173130 1
0.107467 1
0.093209 1
0.070046 1
0.255969 1
0.215364 1
0.075220 1
0.450546 1
0.172836 1
0.168674 1
0.116479 1
0.273862 1
0.181362 1
0.223971 1
0.171123 1
0.195867 1
0.216631 1
0.205083 1
0.225669 1
0.207975 1
0.442253 1
0.114701 1
0.216186 1
0.165292 11
0.004449 251
0.121470 25
1.686653 2
0.037425 155
0.000670 61
0.000093 71
0.002539 249
0.000146 88
10.160263 30
1.913537 4
0.088438 4
0.088421 4
0.106792 4
0.063062 4
0.104298 4
0.085224 4
0.123833 4
0.187673 4
0.343637 4
0.333218 1
0.138110 1
0.145160 1
0.155996 1
0.144979 1
0.116312 1
0.193060 1
0.117063 11
0.004621 251
0.014686 224
0.038517 180
0.101077 27
0.000020 159
0.100295 190
0.099384 190
0.077535 190
0.004112 45
0.002045 61
0.000084 62
0.003414 249
0.000153 8
0.000016 80
271.946965 27
0.437465 11
0.004492 251
0.015099 224
0.040890 180
0.101354 186
0.100294 190
0.100082 190
0.040667 190
0.003848 45
0.001699 61
0.000072 62
0.003614 249
0.000233 8
0.000010 80
511.767270 1
0.091478 1
0.099516 1
0.131733 1
0.059049 1
0.112444 1
0.207457 1
0.095550 1
0.194007 1
0.103204 1
0.152744 1
0.097753 1
0.022657 11
0.004139 251
0.002327 17
0.000190 61
0.000026 62
0.002792 249
0.000221 88
5.596320 1
0.130278 1
0.137860 1
0.298005 1
0.266351 1
0.178389 1
0.249901 1
0.352630 11
0.004986 251
0.001005 270
0.000195 61
0.000058 62
0.002950 249
0.000176 8
0.000008 80
1.165687 7
0.411390 1
0.135886 1
0.278862 1
1.102613 4
0.191801 1
0.183001 11
0.004295 251
0.001729 12
0.000015 513
0.000014 396
0.000010 84
0.000277 61
0.000027 62
0.002883 249
0.000198 8
0.000010 80
6.560294 1
0.097601 1
0.142877 1
0.286009 4
0.131302 4
0.481264 4
0.562839 1
0.025437 1
0.011854 1
0.011676 1
0.011547 1
0.010026 1
0.012016 1
0.031959 1
0.476311 4
0.135969 4
0.157538 4
0.145248 4
0.152978 4
0.152214 4
0.145793 4
0.162868 4
0.158457 1
0.415383 1
0.093131 1
0.081804 1
0.092830 1
0.091491 1
0.054647 11
0.004112 251
0.001027 11
0.000246 61
0.000088 62
0.002732 249
0.000150 8
0.000014 80
258.049981 1
0.039238 1
0.078139 1
0.030036 1
0.023555 1
0.080013 1
0.029051 1
0.034101 1
0.088699 1
0.021970 1
0.020970 1
0.096985 1
0.026954 1
0.032430 1
0.033716 1
14.434071 4
0.570742 4
0.039750 4
0.041660 4
0.041020 4
0.039026 4
0.039964 4
0.040380 4
0.040463 4
0.039620 4
0.039833 4
0.039307 4
0.040446 4
0.040358 4
0.039558 4
0.040734 1
1.674892 1
0.031534 1
0.049266 1
0.022315 1
0.022023 1
0.011419 1
0.034215 1
0.043955 1
0.058694 1
0.012430 1
0.009327 1
0.068571 1
0.012081 1
0.083765 1
0.012767 1
0.023472 1
0.060982 1
0.080433 1
0.034198 1
0.033792 1
0.012050 1
0.011914 1
1.180157 4
0.593630 4
0.041611 4
0.040012 4
0.040233 4
0.039650 4
0.040077 4
0.040043 4
0.040667 4
0.039550 4
0.039755 4
0.039634 4
0.040746 4
0.039152 4
0.040724 4
0.040081 4
0.039908 4
0.039611 4
0.040278 4
0.040398 4
0.039618 4
0.039879 4
41.065734 1
0.128101 1
0.110305 1
0.097443 1
0.142083 1
0.211741 1
0.469369 1
1.870102 1
0.080709 1
2.953798 11
0.008971 252
0.000258 61
0.000075 62
0.006421 249
0.000695 88
2.626348 9
0.858682 4
0.104606 4
0.914117 1
0.338287 1
0.929062 1
0.553722 1
0.210892 11
0.008793 252
0.000046 61
0.000115 62
0.005872 249
0.000419 8
0.000025 80
926.524774 1
0.257793 4
0.408698 1
0.152362 1
0.167181 1
0.084167 1
0.096810 11
0.004504 257
0.000860 45
0.002936 47
0.000069 62
0.003282 243
0.000252 8
0.000008 66
0.510358 1
0.063937 1
0.100785 11
0.004498 245
0.000924 43
0.000231 47
0.000036 62
0.002888 243
0.000131 8
0.000008 66
4.221389 1
0.125709 1
0.137345 1
0.925206 1
0.118814 1
0.135087 1
0.178817 1
0.125872 1
0.144012 11
0.004321 245
0.000081 30
0.000052 62
0.002857 226
0.000134 57
0.254748 1
0.067608 1
0.085935 11
0.004800 228
0.001235 66
0.000254 30
0.000072 62
0.003252 226
0.000190 8
0.000014 49
14.667193 1
0.098261 1
0.091543 1
0.127931 1
0.252521 1
0.255073 1
0.145819 1
0.118621 1
0.190145 1
0.178366 1
0.527926 1
0.256141 1
0.086730 1
0.130538 1
0.053692 1
0.092038 1
0.130686 1
0.068849 1
4.944480 11
0.004998 228
0.016269 80
0.000258 66
0.004061 83
0.000013 18
0.000548 2047
0.000012 2047
0.000052 1605
0.000029 7
2.716089 22
0.000115 94
1.005871 39
0.179466 37
0.328744 37
1.967523 37
0.066030 37
0.077409 37
0.170393 37
0.409589 37
0.161343 39
0.174229 38
0.051990 38
0.175528 40
1.024900 29
0.092332 29
0.100980 40
0.051959 28
0.173065 29
0.101428 28
0.203104 29
0.057901 39
0.156537 30
0.566187 44
1.255057 29
0.472301 29
0.373000 38
0.237554 30
0.487732 38
0.081603 38
0.440635 75
0.326924 57
0.132430 29
0.294529 30
0.090051 41
0.892025 51
1.393188 33
0.564892 33
0.179610 33
0.073558 33
0.251850 33
0.213792 33
0.138068 33
0.112437 33
0.110403 33
0.218824 43
0.288571 32
0.787885 33
0.625498 43
0.397018 32
0.666000 33
0.170020 33
0.107395 33
0.086170 34
0.181361 33
0.082414 33
0.139376 33
0.192428 33
0.096517 33
0.145670 32
1.117520 41
0.384564 41
0.315461 41
0.405117 42
0.253943 41
0.475883 41
0.105301 41
0.143711 41
0.661429 41
0.294146 48
0.383468 41
3.157893 53
0.549734 33
0.216555 33
0.112476 33
0.096003 47
1.096784 41
0.260474 41
0.975992 41
0.230335 42
0.451218 41
0.799008 41
0.203032 41
0.110518 41
0.606086 41
0.625288 41
1.015193 48
0.826266 41
0.251172 41
0.117737 42
0.179239 41
0.154036 41
0.191459 41
0.151525 41
0.076385 41
0.220281 41
0.493319 41
1.684414 41
0.865020 41
0.203615 42
0.903705 32
0.190514 33
0.048212 33
0.214052 33
0.092491 33
0.181760 33
0.139840 33
0.198181 33
0.536005 33
1.381705 53
0.303739 33
0.181465 33
0.159743 33
0.105567 33
0.144645 33
0.214900 33
0.108770 32
0.136237 34
0.141291 43
0.138477 32
0.456412 41
0.607611 32
1.724303 41
0.128101 41
0.718517 42
0.243406 41
0.102145 41
0.437765 42
0.312199 41
0.221436 41
0.219660 41
0.206093 42
0.105409 41
0.212578 41
0.938045 41
0.190921 48
1.304881 41
0.272977 29
0.140996 32
0.129569 32
0.078928 32
0.115315 32
0.102114 32
0.114260 33
0.462465 32
0.172475 32
0.414289 99
0.817966 102
0.403066 29
0.495510 33
1.549635 53
0.899825 33
0.060484 50
0.184887 32
0.422144 41
5.389481 39
0.100471 17
0.000112 35
0.282964 48
0.241025 1
0.090941 1
0.676581 21
0.000030 16
0.022907 41
0.000546 70
0.001296 30
0.000102 62
0.003909 226
0.000292 8
0.000015 49
0.468757 1
0.081900 1
0.211928 1
0.717629 1
0.092616 1
1.408290 1
0.132753 1
0.435309 1
0.255961 1
1.127818 1
1.752870 1
0.212637 1
0.093123 1
0.108164 1
0.168416 1
0.126621 1
0.206944 1
0.186012 1
0.085434 1
0.146066 1
0.060906 1
0.101784 1
0.092616 1
0.077056 1
0.225359 11
0.004270 228
0.000984 30
0.000024 62
0.003257 226
0.000142 57
18.089975 1
0.112821 1
0.120871 1
0.121456 1
0.280844 1
0.170518 1
0.227726 1
0.088746 1
0.148417 1
0.241756 1
0.146369 1
0.311349 1
1.154219 11
0.005269 228
0.000037 25
0.000093 62
0.002574 213
0.000132 8
0.000007 44
4.658314 1
0.113902 1
0.178919 1
0.088364 1
0.120034 1
1.310935 1
0.053794 1
0.108473 1
0.208253 1
0.089783 1
0.115849 1
0.067256 1
0.084889 11
0.003922 215
0.000641 13
0.000046 52
0.000213 25
0.000034 71
0.002948 213
0.000176 52
1.697395 1
0.012133 1
0.120710 11
0.005006 215
0.001188 25
0.000028 62
0.003140 213
0.000181 8
0.000011 44
0.456675 1
0.104484 1
0.440273 1
0.168764 1
0.175558 1
0.174767 1
0.133502 11
0.004831 215
0.001372 270
0.000294 25
0.000028 62
0.002674 213
0.000202 8
0.000014 44
1.003652 1
0.139186 1
0.219654 1
0.291406 4
0.105116 1
0.549624 1
0.461036 1
0.430198 1
0.203815 1
0.177320 1
0.090777 1
0.177166 1
0.265424 1
0.101811 1
0.095631 1
0.201846 1
0.367970 1
0.232928 1
0.079089 1
0.238775 11
0.005013 215
0.000873 152
0.000242 25
0.000023 62
0.002978 213
0.000177 8
0.000018 44
39.359296 1
0.052490 1
0.138740 1
0.027766 1
0.092739 1
0.226037 1
0.051441 1
0.115498 1
0.126190 1
0.092631 1
0.265452 1
0.100860 1
0.330705 4
0.111768 4
0.064494 1
0.101132 1
0.113354 1
0.156226 1
0.172620 1
0.067531 11
0.005188 215
0.118025 19
3.698357 2
0.337298 232
0.009841 218
0.146925 19
0.002636 217
0.000321 46
10.241830 1
0.188184 1
0.190642 1
0.080843 1
0.315301 11
0.004593 219
0.000078 14
0.000772 45
0.001538 45
0.001765 25
0.000076 62
0.002881 213
0.000240 8
0.000007 44
64.487772 1
0.110358 1
0.091017 1
0.117905 1
0.218422 1
0.189276 1
0.266179 1
0.079029 1
0.439371 1
0.092076 1
0.262930 1
0.821050 1
0.108099 1
0.174355 1
0.375841 1
0.135013 1
0.271674 1
0.226273 1
0.537126 1
0.198588 1
0.327852 1
0.123070 1
0.234520 1
0.613431 11
0.004822 215
0.000223 80
0.000013 25
0.000030 71
0.003319 213
0.000280 52
5.515494 1
0.072618 1
1.275625 1
0.076631 1
0.068523 1
0.916519 1
0.076147 1
0.331051 1
0.114830 1
0.153010 1
0.123271 1
0.149123 1
0.117927 1
0.077339 1
0.135039 11
0.004427 215
0.297636 232
0.008269 217
0.148784 18
0.002570 210
0.000234 8
0.000023 37
3.866881 1
0.247278 4
0.266156 1
0.119078 1
0.178872 1
0.058265 1
0.128030 1
1.235919 1
0.188617 1
0.072043 1
0.152685 1
0.238677 1
0.090904 1
0.666716 1
0.297499 1
0.185300 1
0.302536 1
0.251926 1
0.147315 1
0.196075 1
0.248895 1
0.149730 1
0.238267 1
0.286153 1
0.151215 1
0.159428 1
0.543696 11
0.004322 212
0.001246 18
0.000015 62
0.002895 210
0.000141 45
1.049425 1
0.469815 1
1.595614 4
0.124989 4
2.352555 1
0.084162 1
0.224225 1
0.098140 1
0.120808 1
0.692629 1
0.535931 1
1.013235 1
0.435124 1
0.453283 1
0.160245 1
0.103374 1
0.167066 1
0.193093 1
0.088245 1
1.241189 1
0.116835 1
0.330129 5
0.796013 1
0.596744 7
1.237974 4
0.210118 11
0.004370 212
0.000883 18
0.000014 62
0.002886 210
0.000156 8
0.000014 37
1.060312 1
0.073186 1
0.105623 1
0.149977 1
0.227738 1
0.154593 1
0.191433 1
0.077783 1
0.198388 1
0.102439 1
0.110786 1
0.110705 1
0.522326 1
0.218506 1
0.220238 1
0.225193 1
0.109820 1
0.164306 5
0.340743 11
0.004748 212
0.000010 35
0.000138 62
0.002886 223
0.000130 62
0.356661 1
0.077133 1
0.078069 11
0.004262 225
0.001254 35
0.000082 62
0.002727 223
0.000164 8
0.000018 54
6.359425 1
0.797220 1
0.235081 1
0.138187 1
0.188181 1
0.442712 1
0.105595 1
0.061529 1
0.122434 1
0.182445 1
0.181307 1
0.214491 1
0.081846 1
0.095222 1
0.109827 1
0.246507 11
0.000131 35
0.000039 62
0.003770 223
0.000223 62
15.577931 1
0.091978 1
0.076390 1
0.519767 1
1.146687 1
0.123094 1
0.122826 1
0.244801 1
0.525469 1
0.123407 1
0.182683 1
0.179642 1
0.070434 1
3.162200 11
0.004218 225
0.013711 80
0.000783 61
0.000915 65
0.000011 18
0.000020 18
0.000548 2047
0.000036 2047
0.000045 1605
0.003951 7
0.000476 4030
0.000018 1719
0.944523 22
0.000018 95
1.380809 31
0.204550 29
0.308531 29
0.183992 29
0.098547 29
0.084671 29
0.163535 29
0.086456 29
0.085546 31
0.213642 40
0.964555 37
3.323987 29
0.108676 28
1.214005 29
0.530215 29
1.585704 28
0.146477 29
0.180971 29
0.170984 29
0.219712 31
0.099445 30
0.187196 30
0.137177 30
0.205865 30
0.551622 30
0.367668 30
0.154307 30
0.178847 30
0.071555 30
0.126663 31
0.179196 30
0.153513 30
0.094089 29
0.108513 45
1.182003 37
0.331823 30
0.104536 30
0.299665 29
1.119577 30
0.180350 30
0.162184 30
0.269200 30
0.179389 30
0.248160 30
0.101428 30
0.935157 30
0.051696 30
0.168988 30
0.110871 30
0.192684 31
0.098037 30
0.126226 30
0.077294 30
0.111115 30
0.193957 30
0.191202 30
0.139934 40
1.352783 37
0.603780 29
0.160071 29
3.800488 28
0.185193 29
0.414400 28
0.283441 29
0.502767 29
87.606085 37
0.174913 37
0.144404 28
0.133485 37
0.133106 28
0.153335 37
0.150088 37
3.475260 29
0.896308 29
1.906768 29
0.123306 29
0.178907 29
2.132843 37
0.147841 37
0.145554 37
0.151338 37
0.465821 37
1.274459 29
0.176823 29
0.166692 29
0.130397 29
0.261429 28
0.398818 29
3.682822 29
0.240679 29
0.498654 31
0.168376 30
0.058227 30
0.144541 30
0.203025 30
0.292971 29
0.152288 30
0.088365 30
0.322431 29
3.569689 30
1.838825 31
0.405380 30
0.264835 30
0.212278 30
0.205922 30
0.554700 30
0.319780 30
0.169660 30
0.308151 30
0.179142 30
0.185418 31
0.218162 30
0.249899 30
0.259563 30
0.127907 30
0.157393 30
0.237083 30
0.308471 30
0.138313 30
0.957010 29
1.153174 31
0.387801 30
0.705621 30
0.242409 30
0.112524 30
0.156252 30
0.143585 30
0.097891 29
0.143287 30
1.036735 30
0.388265 31
0.885671 50
0.306187 43
4.858191 60
0.579444 47
0.297915 30
0.283525 51
92.687113 45
0.979365 274
0.591901 39
0.041217 39
0.040405 39
0.039854 39
0.040067 39
0.039606 39
0.040492 40
0.040165 39
0.039688 39
0.039781 39
0.039663 39
0.040530 39
0.039739 39
0.040158 39
0.039737 39
0.040283 39
0.040223 30
0.040068 39
0.039197 29
0.040878 39
0.038982 39
0.041261 45
0.039287 41
0.040167 29
0.039926 39
0.039605 39
0.040956 40
0.038678 39
0.039939 39
0.041034 39
0.039704 39
0.040420 39
0.039424 39
0.040041 39
0.040253 39
0.039692 39
0.039566 38
0.040493 37
0.040729 37
0.038650 37
0.040942 28
0.156277 37
0.148741 37
0.149630 28
0.152954 37
0.258635 222
0.349378 28
0.235799 28
0.570861 28
0.039348 28
0.039600 28
0.042616 28
0.039722 28
0.039838 28
0.039898 28
0.040318 30
0.039749 29
0.040844 29
0.039108 29
0.040139 29
0.039874 29
0.040035 29
0.040472 29
0.039737 29
0.043629 29
0.035982 30
0.041335 29
0.039001 29
0.040079 29
0.039926 29
0.040603 29
0.038955 29
0.040058 29
0.039667 29
0.040949 29
0.039992 30
0.040150 29
0.039870 29
0.039889 29
0.040115 29
0.040222 29
0.040162 29
0.196465 29
0.152280 29
0.301356 54
0.604117 54
0.040788 54
0.040054 54
0.040534 54
0.040077 54
0.039660 54
0.039864 54
0.040091 55
0.040113 54
0.040112 54
0.039676 54
0.040531 54
0.039620 54
0.039701 54
0.156386 54
0.144393 54
0.152534 54
0.178722 55
0.500560 45
0.304477 44
0.097812 44
0.309684 44
0.129802 44
0.915862 44
0.117032 44
0.140658 44
0.056171 44
0.146098 44
0.167651 45
0.174607 44
0.115629 44
0.117129 44
1.529368 44
7.591718 44
0.443057 65
0.809848 61
1.177105 44
1.141863 41
0.100220 18
0.000070 36
0.263446 49
0.454142 1
0.083831 1
0.599288 1
0.000018 20
0.000015 11
0.004417 40
0.000392 70
0.001063 35
0.000071 62
0.003576 223
0.000132 8
0.000010 54
2.296757 1
0.046755 1
0.212685 1
0.168126 1
0.319765 1
0.120072 1
0.108320 1
0.336642 4
0.068333 1
0.288863 1
0.178035 11
0.004277 225
0.010047 216
0.140232 50
0.000116 17
0.002723 213
0.000201 44
2.246376 1
0.251206 1
1.321780 1
0.091449 1
2.975827 11
0.004425 215
0.000032 14
0.001429 45
0.001521 35
0.000047 62
0.003012 223
0.000124 62
10.556380 1
0.118249 1
0.148008 1
0.189550 1
0.118480 1
0.153498 11
0.004631 225
0.000064 21
0.000073 62
0.003084 209
0.000124 48
2.878686 1
0.236117 1
0.126497 1
0.130159 1
0.180128 1
0.369770 1
0.232273 1
0.236120 1
0.583493 4
0.409251 1
0.138820 1
0.534130 1
0.119973 1
0.169511 1
0.106727 1
0.100639 1
0.442090 1
0.082711 1
0.136440 1
0.127001 1
0.438370 4
0.066158 1
0.177293 1
0.194898 1
0.306942 11
0.004610 211
0.001116 83
0.003181 209
0.000101 48
0.808237 1
0.120840 1
0.053597 11
0.004493 211
0.003790 5621
0.000024 1883
0.000293 21
0.000096 62
0.002946 209
0.000120 48
2.674682 1
0.298332 1
0.337516 1
0.070852 1
0.161885 11
0.004764 211
0.000189 14
0.001411 45
0.001520 45
0.001757 25
0.000091 62
0.003015 213
0.000182 8
0.000013 44
0.194431 1
0.072242 1
0.095717 1
0.102346 1
0.158093 1
0.209379 2
0.000018 9
0.005222 215
0.000965 11
0.000190 25
0.000074 62
0.003107 213
0.000207 8
0.000012 44
2.103847 1
0.060096 1
0.121731 1
0.085247 1
1.995315 1
0.301858 1
0.102827 1
0.711504 4
0.150823 4
0.676429 1
0.132709 1
0.160306 1
0.077562 1
0.181095 11
0.004368 215
0.121103 19
3.051784 2
0.321445 232
0.048444 26
0.002791 214
0.000258 8
0.000018 45
3.122386 1
0.032898 1
0.167335 11
0.004760 216
0.001410 26
0.000014 62
0.002691 214
0.000144 53
0.663539 1
0.061960 1
0.108029 1
0.130926 1
0.328737 1
0.184390 1
0.137067 11
0.004262 216
0.001273 11
0.000033 259
0.000277 26
0.000071 62
0.002839 214
0.000160 53
4.608518 1
0.107807 1
0.182693 1
0.090705 1
0.121046 1
0.173806 1
0.146112 1
0.163961 1
0.104443 1
0.271344 1
0.270170 1
0.115751 11
0.004362 216
0.000831 547
0.000267 26
0.000027 62
0.002703 214
0.000142 53
4.364978 1
0.105735 1
0.186669 1
0.099151 1
0.105860 1
0.149693 1
0.163237 1
0.211718 1
0.102855 1
0.299785 1
0.179148 1
0.172895 1
0.119583 1
0.463081 1
0.251379 1
0.121038 11
0.004392 216
0.000663 2799
0.000210 26
0.000089 62
0.002431 214
0.000173 53
2.226380 15
0.264713 1
0.191455 1
1.143149 1
0.258008 1
0.160625 1
0.106558 1
0.118911 1
0.131335 11
0.004278 216
0.001255 167
0.000011 69
0.000032 71
0.000016 84
0.000018 57
0.000020 57
0.000042 108
0.000027 58
0.000019 75
0.000041 118
0.000011 28
0.000022 59
0.000027 76
0.000046 118
0.000007 22
0.000042 116
0.000011 20
0.000012 32
0.000011 25
0.000006 28
0.000016 27
0.000033 17
16.485997 203
0.000015 113
0.000008 85
0.000017 62
0.000034 100
0.000020 72
0.000008 16
0.000022 46
0.000037 57
0.000007 78
0.000069 127
0.000010 74
0.000021 68
0.000013 38
0.000023 63
0.000014 42
0.000014 51
0.000015 24
0.000014 17
2.634614 67
0.000414 26
0.000015 62
0.003670 214
0.000128 53
1.644828 22
0.283753 4
0.138922 4
0.133372 4
0.248562 4
0.141090 4
0.137136 4
0.136074 4
0.134074 4
0.130634 4
0.142802 4
0.145823 4
0.137968 4
0.138109 4
0.255799 1
0.134132 1
0.124078 1
0.232571 1
0.088342 1
0.135653 1
0.071772 1
0.250996 11
0.004511 216
0.000764 2145
0.000193 88
0.002885 214
0.000132 53
2.070019 16
0.208286 1
0.273782 1
1.162716 1
0.557612 1
0.146326 1
0.198005 1
0.302866 1
1.552829 11
0.004643 216
0.001432 83
0.000009 45
0.000073 138
0.000059 129
0.000007 16
0.000050 81
0.000006 25
0.000021 35
0.000007 12
0.000024 42
0.000023 49
0.000024 64
0.000023 58
0.000011 26
0.000012 31
0.000015 39
0.000015 49
0.000019 40
0.000019 49
0.000031 56
0.000063 17
3.995861 84
0.000072 111
0.000046 88
0.000014 46
0.000025 41
0.000043 41
0.000073 148
0.000055 74
0.000047 51
0.000015 17
0.000013 22
0.000065 93
0.000022 35
0.000014 28
0.000026 30
0.000036 46
0.000032 49
0.000010 17
1.751078 79
0.000430 26
0.000096 62
0.003016 214
0.000112 53
38.882308 1
0.095370 1
0.108596 1
0.143020 1
0.256662 1
0.361282 1
0.105853 1
0.095018 1
0.202548 1
0.115821 1
0.168657 1
0.128889 1
0.267523 11
0.004494 216
0.016603 80
0.000272 60
0.003603 69
0.000013 32
0.000467 2047
0.000015 2047
0.000026 1605
0.000010 7
0.000427 2047
0.000030 1983
0.000030 1718
2.219000 46
1.140554 46
0.491872 1
0.178918 1
0.000405 103
0.001301 26
0.000063 62
0.003540 214
0.000296 8
0.000011 45
0.832245 12
0.482239 1
0.148291 1
0.105155 1
0.103739 1
0.153980 1
0.127056 1
0.193129 1
0.238577 5
0.145290 5
0.175380 5
0.067008 5
0.187577 5
0.343284 11
0.004464 216
0.015919 80
0.000534 62
0.004106 101
0.000945 5024
0.000010 7
0.000785 2045
0.000018 2047
0.000012 914
1.192443 24
0.000186 44
0.154217 24
0.000128 44
0.148098 24
0.000199 40
0.162974 24
0.000166 40
0.149034 24
0.000157 40
0.172737 24
0.000127 44
0.247455 24
0.000137 44
0.520008 24
0.000270 43
1.053492 23
0.000079 96
0.706094 31
0.192882 30
0.159404 32
0.152559 31
0.166234 32
0.257095 31
0.375649 76
0.290674 28
0.283576 76
14.257048 29
0.357590 29
0.085432 29
0.277899 29
0.076939 42
0.277562 28
1.189038 37
0.099472 37
0.122729 39
0.316269 38
0.148187 37
0.671334 37
0.284711 39
0.107232 38
0.979060 41
0.100420 18
0.000067 36
0.183829 49
0.217868 1
0.100120 1
0.642545 21
0.000019 15
0.023197 30
0.000432 70
0.001080 88
0.002643 214
0.000105 8
0.000008 45
3.690171 1
0.102405 1
0.145653 1
0.067669 1
0.169788 1
0.253381 1
0.228005 1
0.681094 4
0.139537 4
0.153360 4
0.143538 4
0.145770 4
0.153380 4
0.154361 4
0.197930 1
0.301483 1
0.154860 1
0.150583 1
0.127525 1
0.153696 1
0.048695 1
0.261855 1
1.810682 1
0.070568 1
0.093956 1
0.143529 1
0.121642 1
0.334944 1
1.078547 11
0.004846 216
0.089568 26
0.000026 62
0.002880 214
0.000113 53
1.068673 1
0.058068 1
0.143650 1
0.158607 1
0.213873 1
0.213198 1
0.302284 1
0.314709 1
0.338316 1
0.115976 1
0.163474 1
0.169458 1
0.364567 1
0.984363 11
0.004974 216
0.006741 21
2.214469 2
0.000084 102
1.003902 2
0.041924 60
0.000968 88
0.003158 214
0.000150 53
1.612648 1
0.044091 1
0.117388 1
0.644034 4
0.140560 4
0.141812 4
0.197150 1
0.183167 1
0.179657 1
0.058292 1
0.081102 11
0.003744 222
0.000613 45
0.002262 25
0.000073 62
0.003436 213
0.000184 8
0.000007 44
0.485607 1
0.067119 1
0.246615 1
1.058664 1
0.090399 1
0.253116 1
0.070032 1
0.117895 1
0.152405 1
0.141324 1
0.858940 1
0.264288 11
0.005177 215
0.126532 14
1.487025 2
0.289128 232
0.146192 20
0.002655 219
0.000297 8
0.000012 39
4.579086 1
0.166518 1
0.090813 1
0.191138 1
0.063293 1
0.212356 1
1.668940 1
1.094009 1
0.056221 1
0.561555 4
0.127030 4
0.138159 4
0.962853 1
0.183346 1
0.458455 4
0.115811 4
0.990865 1
0.129529 1
0.058412 1
0.085225 1
0.246056 1
0.186024 1
0.218418 1
0.191689 1
0.061421 11
0.004610 221
0.000923 20
0.000108 62
0.002557 219
0.000162 8
0.000015 39
1.097230 1
0.081193 1
0.059982 1
0.121647 1
0.141479 1
0.259274 1
0.089462 1
1.174752 11
0.004819 221
0.002720 207
0.000011 206
0.000292 20
0.000032 62
0.002829 219
0.000180 8
0.000013 39
28.482945 1
0.087437 1
0.135871 1
0.164350 1
0.091754 1
0.284933 1
0.116561 1
0.273720 1
0.234723 11
0.004906 221
0.118517 14
3.113331 2
0.041211 218
0.152706 50
0.000121 17
0.002908 213
0.000222 8
0.000020 36
3.176271 1
0.099018 1
0.099256 1
0.179457 1
0.148169 1
0.762970 11
0.004554 215
0.000073 18
0.000036 62
0.002911 206
0.000144 8
0.000015 37
0.918468 1
0.061151 1
0.102520 11
0.004357 208
0.002745 399
0.000216 18
0.000060 62
0.002735 206
0.000119 8
0.000009 37
1.484210 1
0.119656 1
0.105595 1
0.167274 1
0.158513 1
0.153814 1
0.184785 11
0.004141 208
0.000031 17
0.000088 62
0.002640 205
0.000155 44
0.995020 1
0.101070 1
0.088427 1
0.173253 1
0.136327 1
0.694570 11
0.004268 207
0.000051 18
0.000068 62
0.002579 206
0.000124 8
0.000010 37
3.085372 1
0.144912 1
0.141280 1
0.210770 1
0.127746 1
0.174221 1
0.096013 1
0.178566 11
0.004116 208
0.000064 22
0.000061 62
0.002767 210
0.000137 8
0.000015 41
1.233925 1
0.267059 1
0.480391 1
0.579332 1
0.265047 1
0.112220 1
0.190296 1
0.215810 1
0.285374 1
0.284337 11
0.003787 212
0.000063 34
0.000035 22
0.000046 71
0.002667 210
0.000130 8
0.000752 41
0.919267 1
0.095154 1
0.097438 11
0.004071 212
0.001039 83
0.000151 22
0.000013 62
0.002525 210
0.000152 8
0.000019 41
1.330638 1
0.102406 1
0.097772 1
0.112319 1
0.987416 1
0.140285 11
0.004612 212
0.004398 11
0.000030 319
0.000249 22
0.000063 62
0.002309 210
0.000112 8
0.000019 41
9.230097 1
0.081579 1
0.110558 1
1.143406 1
0.072548 1
0.104493 1
0.135255 1
0.126151 1
0.184115 1
0.363467 2
0.000027 9
0.004271 212
0.113025 14
1.774604 2
0.040819 218
0.056661 25
0.002436 213
0.000232 8
0.000011 44
2.575472 1
0.410730 4
0.078313 1
0.084371 1
0.198643 11
0.004828 215
0.000089 20
0.000085 62
0.002611 219
0.000134 47
0.251494 1
0.329000 4
0.211740 1
0.107600 1
0.212060 1
0.106791 11
0.004197 235
0.000060 20
0.000060 62
0.002324 219
0.000178 47
18.150889 1
0.181245 1
0.145799 1
0.185037 1
1.664731 1
0.482484 1
0.103492 1
0.262991 1
0.118309 1
0.186042 1
0.193908 1
0.253978 11
0.004708 221
0.001741 153
0.001152 130
0.000025 180
0.000250 20
0.000027 62
0.002416 219
0.000132 47
44.508217 1
0.187092 1
0.156073 1
0.244263 1
0.876797 1
0.180276 1
0.125038 1
0.117296 1
0.185369 1
0.085770 1
0.083777 1
0.166741 1
0.175086 1
0.074890 11
0.004515 221
0.001081 20
0.000010 79
0.000008 50
0.001270 130
0.000038 135
0.000012 45
0.000302 20
0.000045 62
0.002320 219
0.000361 8
0.000016 39
15.969330 13
0.424631 4
0.135111 4
0.129203 4
0.143530 4
0.146878 4
0.110376 1
0.092170 1
0.102025 1
0.244544 11
0.004962 221
0.001089 18
0.000017 130
0.001401 74
0.000016 56
0.000012 180
0.000292 20
0.000046 62
0.002714 219
0.000167 8
0.000012 39
15.724011 1
0.192792 1
0.127004 1
0.166226 1
0.142135 1
0.270160 4
0.110943 4
0.122750 4
0.070739 1
0.152756 1
0.104698 1
0.151787 1
0.364578 1
0.285913 1
0.147315 1
0.116512 1
0.108587 11
0.004379 221
0.001054 146
0.000480 74
0.000026 49
0.000022 180
0.000283 20
0.000049 62
0.002775 219
0.000125 8
0.000009 39
19.156151 1
0.096376 1
0.943771 1
0.158006 1
0.960317 1
0.064498 1
0.147242 11
0.004867 221
0.002493 420
0.000016 194
0.000284 20
0.000029 62
0.002522 219
0.000191 47
20.052949 1
0.123851 1
0.190940 1
0.102955 1
0.163260 1
0.208389 1
0.162440 1
0.166505 1
0.113157 1
0.368596 1
0.225899 1
0.141950 1
0.159268 1
0.437646 1
0.080033 1
0.141891 1
0.076319 1
0.203748 11
0.004574 221
0.000860 166
0.000230 20
0.000026 62
0.002442 219
0.000151 47
2.409997 1
0.131089 1
0.144405 1
3.584349 1
0.788005 1
0.100302 1
0.308267 1
0.368724 1
0.087895 1
0.131250 1
0.083662 1
0.148054 1
0.158320 1
0.097756 1
1.210702 1
0.503726 1
0.580757 1
0.203501 1
0.340488 1
0.078747 1
0.213795 1
0.298132 1
0.332053 1
0.132078 1
0.239324 1
0.232074 1
0.060653 1
0.225358 1
2.162691 1
0.089638 1
0.354647 1
0.248687 1
0.016142 1
0.302240 1
0.148794 1
0.452257 1
0.087961 1
0.469362 11
0.000168 20
0.000073 62
0.003462 219
0.000193 8
0.000014 39
74.428895 1
0.087886 1
0.359100 1
0.512413 1
0.557556 11
0.003743 227
0.000564 45
0.002201 22
0.000034 62
0.002426 210
0.000114 8
0.000011 41
2.150638 1
0.054289 1
0.094873 11
0.003601 212
0.000079 17
0.000073 62
0.002915 213
0.000159 8
0.000023 36
2.532275 1
0.118942 1
0.115523 1
0.106296 1
0.244821 1
0.727994 1
0.140169 1
0.083969 1
0.116776 1
0.127357 1
0.204810 1
0.308765 1
0.197355 1
0.129736 1
0.342273 1
0.108726 1
0.304712 1
0.184732 1
0.166172 1
0.625524 1
0.175442 1
0.143615 1
0.196700 1
0.095607 1
0.160464 1
0.221901 1
0.121440 1
0.166916 1
0.477265 1
0.260129 1
0.247610 1
0.336693 1
0.258982 2
0.000014 9
0.004571 215
0.112057 19
2.941548 2
0.041337 218
0.017261 80
0.000504 73
0.003911 101
0.000972 4026
0.000014 764
0.000885 4780
0.915963 119
0.605269 28
1.066328 47
0.404587 39
0.100488 17
0.000122 35
0.382306 48
0.214849 1
0.130656 1
1.290562 1
0.216668 21
0.000020 25
0.023072 30
0.000245 70
0.001263 45
0.002626 17
0.000053 62
0.002709 213
0.000111 8
0.000011 36
2.737684 1
0.092047 1
0.068522 1
0.857614 1
0.101520 1
0.101067 1
0.220951 1
0.116698 1
0.175980 1
0.541755 1
0.364386 1
0.125782 1
0.090611 1
0.412591 1
0.070598 1
0.080833 11
0.004193 215
0.000066 30
0.000086 62
0.002792 226
0.000167 57
0.329004 1
0.063226 1
0.077225 11
0.003401 228
0.001094 94
0.000205 30
0.000038 62
0.002716 226
0.000107 8
0.000013 49
5.463185 1
0.183395 1
0.150864 1
0.077931 1
0.072897 11
0.003483 228
0.000032 14
0.000442 45
0.002471 20
0.000064 62
0.002520 219
0.000256 8
0.000017 39
1.155211 1
0.171945 1
0.149878 1
0.124176 1
0.045322 11
0.004727 221
0.000017 14
0.000363 45
0.002444 25
0.000099 62
0.003506 213
0.000142 8
0.000016 44
1.225355 1
0.171915 1
0.144558 1
0.120291 1
0.034108 11
0.004972 221
