0.042759 50
0.000231 36
0.002913 232
0.000318 8
0.000020 55
8.764573 1
0.105368 1
0.121744 1
0.189056 1
0.417069 1
0.386664 1
0.424161 1
0.179847 1
0.067407 1
0.053937 1
0.202378 1
0.165266 1
0.481623 1
0.072991 1
0.258523 1
0.181754 1
0.314787 1
1.233091 1
0.171498 1
0.169234 1
0.172816 1
0.175500 1
0.121653 1
0.287971 1
0.164887 1
0.189970 1
0.138072 1
0.169471 1
0.154026 1
0.095440 1
0.181388 1
0.155138 1
0.303592 1
0.059652 1
0.169731 1
0.393151 1
0.164687 1
0.107184 1
0.153276 1
0.112109 1
0.103070 1
0.712648 1
0.213510 1
0.192766 1
0.152733 1
0.261395 1
0.120317 1
0.104992 1
0.332015 1
0.260046 1
0.881512 1
0.849895 1
0.162649 1
0.500163 1
0.850300 1
0.119339 1
0.202827 1
0.172343 1
0.124533 1
0.616310 1
0.093606 1
0.189540 1
0.114471 1
0.283833 1
0.171696 1
0.183495 1
0.160008 1
0.535868 1
0.210657 1
1.640473 1
0.451763 1
0.096208 1
0.168670 1
1.322106 1
0.237658 1
0.586293 1
0.073366 1
0.260764 11
0.004572 234
0.012153 158
0.000242 36
0.000070 73
0.002570 232
0.000113 8
0.000008 55
3.662093 1
0.076342 1
0.113424 1
0.113327 1
0.094546 1
0.093956 1
0.339437 1
2.384728 1
0.082716 1
0.086099 1
0.123092 1
0.165393 1
0.190253 1
0.133737 1
0.157547 1
0.142683 1
0.086522 1
0.158710 1
0.183747 1
0.696473 4
0.108311 4
0.352734 1
0.101576 1
0.199312 1
0.055042 1
0.238693 1
0.209842 11
0.004309 234
0.028910 14
0.000270 36
0.000050 62
0.002561 232
0.000160 8
0.000014 55
0.933373 1
0.098978 1
0.223322 1
0.196698 1
0.052881 1
0.144596 1
0.187207 1
0.564638 1
0.046483 1
0.129698 1
0.114896 1
0.117245 1
0.077535 1
0.800810 1
0.258316 1
0.111798 1
0.180348 1
0.137322 1
0.061947 1
0.131977 1
0.614923 1
0.191831 1
0.162064 1
0.162229 1
0.134083 1
0.153598 1
0.148934 1
0.065950 1
0.128496 1
0.111741 1
0.096642 1
0.090107 1
0.087382 1
0.099143 1
1.195036 1
0.120270 1
0.193158 1
0.099555 1
0.106669 1
0.145919 1
0.166711 1
0.146385 1
0.106842 1
0.266125 1
0.109659 1
0.113797 1
0.113119 1
0.273577 1
0.755214 4
0.295885 1
0.948988 1
0.139802 1
0.210013 1
0.269142 1
1.552438 1
0.118542 1
0.182740 1
0.177761 1
0.106949 1
1.445881 1
0.062190 1
0.120363 1
0.104949 1
0.214492 1
0.152835 1
0.325628 1
0.176010 1
0.236257 1
0.177786 1
0.171247 1
0.509977 1
0.062602 1
0.129520 1
0.135218 1
0.270675 1
0.227784 1
0.080056 1
0.371108 1
1.654219 1
0.120777 1
0.108895 1
0.073233 1
0.119639 1
0.294718 1
0.280865 4
0.123870 4
0.132111 4
0.964827 4
0.167322 4
0.135512 1
0.178090 1
0.049220 1
0.187508 1
0.364739 1
1.607762 3
0.264797 1
0.216225 1
0.273797 1
0.222336 1
0.059456 1
13.274649 11
0.004435 234
0.063460 66
0.166108 36
0.000055 62
0.003119 232
0.000192 8
0.000012 55
45.244683 1
0.266071 1
0.234723 1
0.347387 1
0.098957 1
0.185456 1
0.153069 1
0.322994 1
0.465909 1
0.165367 1
0.162399 1
0.140482 1
0.440734 1
0.080599 1
0.213459 1
0.429593 1
0.273920 1
0.132531 1
0.346044 1
0.588217 1
0.235006 1
0.154072 1
0.324018 1
1.170537 4
0.186919 1
0.467977 1
0.087564 1
0.200583 1
1.399698 1
0.388515 1
0.056346 1
0.108760 1
0.241382 1
0.247074 1
0.043838 1
0.140994 1
0.130907 1
0.103913 1
0.185310 1
0.120005 1
0.122566 1
0.207488 1
0.105320 1
0.218075 1
0.197107 1
0.615244 4
0.180504 1
1.207966 1
0.574436 1
0.193521 1
0.113908 1
0.387973 1
0.502663 1
0.156734 1
0.653588 1
0.271870 1
0.175771 1
0.143586 1
0.124365 1
0.333713 1
0.118848 1
0.201132 1
0.175248 1
0.135421 1
0.165833 1
0.169573 1
0.123207 1
0.155312 1
0.236757 1
0.204797 1
0.061669 1
0.130718 1
0.192404 1
0.077873 1
0.137602 1
0.626886 1
0.065956 1
1.038273 1
3.369241 11
0.005239 234
0.041046 126
0.000012 41
1.020421 18
1.019809 18
1.019950 18
1.018416 18
1.020426 19
1.019656 18
0.065632 32
0.000449 36
0.000042 62
0.002998 232
0.000134 8
0.000011 55
0.892051 74
0.112538 1
0.588602 1
0.041683 1
0.039741 1
0.039627 1
0.040045 1
0.040150 1
0.040125 1
0.187881 1
0.169766 1
0.216395 1
0.324552 5
0.630225 5
0.038828 5
0.040721 5
0.039372 5
0.040424 5
0.039865 5
0.040272 5
0.039788 5
0.039714 5
0.039949 5
0.039867 5
0.040134 5
0.171977 5
0.886238 2
0.000015 9
0.004107 234
0.019864 150
0.000015 175
0.000011 113
0.000029 34
1.019653 66
1.019001 18
1.018176 44
1.018640 40
1.019411 53
0.365653 32
0.000503 36
0.000042 62
0.002997 232
0.000169 8
0.000019 55
0.800293 60
0.394830 1
0.214119 1
0.630404 1
0.041317 1
0.040580 1
0.040815 1
0.039289 1
0.039357 1
0.040298 1
0.109442 1
0.161621 1
0.160611 1
0.525436 5
0.124642 5
0.135075 5
0.307888 5
2.435658 5
3.513484 5
0.154940 5
0.136124 5
2.127113 11
0.004251 234
0.019861 203
0.000017 147
0.000012 60
0.000032 32
1.019858 18
1.019366 18
1.019845 18
1.018881 18
1.019787 18
1.019686 19
1.018314 18
1.020429 18
1.018106 18
1.019977 18
0.314044 32
0.000395 36
0.000057 62
0.003805 232
0.000123 8
0.000012 55
0.828788 58
0.208153 1
0.630140 1
0.039499 1
0.040846 1
0.040114 1
0.040006 1
0.040024 1
0.039567 1
0.040232 1
0.039793 1
0.039359 1
0.214345 1
0.149321 1
0.314688 3
0.313846 5
0.136516 5
0.109306 5
1.372160 5
0.075402 5
0.275684 5
0.185119 5
0.166149 11
0.004026 234
0.019634 287
0.000017 204
0.000034 48
1.020013 18
1.019950 18
1.019327 18
1.019498 18
1.019599 18
0.140253 32
0.000485 36
0.000040 62
0.002982 232
0.000112 8
0.000019 55
0.931974 59
0.321891 1
0.630623 1
0.041321 1
0.040964 1
0.039258 1
0.039886 1
0.040166 1
0.039228 1
0.089474 1
0.144353 1
0.161519 1
1.629933 9
0.556344 5
0.125804 5
0.176716 5
0.121999 5
0.143342 5
0.186897 5
1.047950 1
0.284602 9
3.967065 5
0.124897 5
0.105215 5
0.091640 5
0.097704 5
1.366954 3
0.259640 3
0.106981 3
0.150103 3
0.136960 3
0.133731 3
0.155811 3
0.137899 3
0.138068 3
0.147639 3
0.149670 3
0.360957 7
0.111479 7
1.293317 3
0.087817 3
0.413617 11
0.004060 234
0.019817 187
0.000016 177
0.000010 52
0.000009 78
0.000010 26
0.000020 28
1.019802 18
1.019868 18
1.019760 18
1.019887 18
0.651111 32
0.000870 36
0.000013 62
0.002784 232
0.000220 8
0.000015 55
0.303035 72
0.486587 1
0.608096 7
0.117766 7
0.927808 3
0.083874 3
0.470836 11
0.004493 234
0.020342 124
0.000016 163
0.000012 77
0.000011 52
0.000010 78
0.000011 26
0.000021 28
1.020494 19
1.019429 18
1.020594 18
0.278434 32
0.000537 36
0.000019 62
0.003314 232
0.000184 8
0.000019 55
45.338791 11
0.000022 19
0.000088 36
0.000926 87
0.003094 232
0.000155 63
2.222701 1
0.075789 1
0.131797 1
0.108061 1
0.071511 1
0.070822 1
0.143312 1
7.683893 1
0.092275 1
0.084142 1
0.125549 1
0.175308 1
0.169089 1
0.124784 1
0.168817 1
0.132335 1
0.111614 1
0.192884 1
0.143744 1
0.156080 1
0.092905 1
0.085201 1
0.286827 11
0.004428 234
0.013383 142
0.000243 36
0.000075 71
0.002422 232
0.000170 8
0.000008 55
3.811550 22
0.135766 1
0.570407 1
0.040463 1
0.041975 1
0.039286 1
0.039969 1
0.039642 1
0.040817 1
0.039319 1
0.040444 1
0.039507 1
0.040046 1
0.040009 1
0.501614 9
0.294360 5
0.071443 5
0.238788 11
0.003916 234
0.226231 14
0.002276 36
0.000061 62
0.003224 232
0.000155 8
0.000015 55
0.508467 25
0.158439 55
0.484342 94
0.905273 10
0.532390 40
0.355854 59
0.279633 60
0.306676 55
0.318086 188
1.808493 59
0.905747 151
0.087018 153
0.091796 157
0.062501 157
0.074523 159
0.593686 14
0.005269 234
0.160254 19
3.195152 2
0.323783 229
0.095477 66
0.152710 45
0.002188 36
0.000045 62
0.003359 232
0.000139 8
0.000014 55
2.426119 93
0.672894 270
0.460515 55
0.348573 94
1.406114 11
0.005344 234
0.019757 237
0.000020 205
0.000013 52
0.000013 27
0.000063 29
1.020101 27
1.020274 18
1.019904 27
1.019517 18
0.438995 32
0.000586 36
0.000088 62
0.003558 232
0.000148 8
0.000019 55
32.341405 1
0.102432 1
0.150674 1
0.106792 1
0.111501 1
0.087591 1
0.405925 1
0.207431 1
0.071851 1
0.093035 1
0.130303 1
0.096865 1
0.180420 1
0.165891 1
0.135147 1
0.373176 1
0.186935 1
0.081921 1
0.401253 4
0.120505 4
0.140273 4
0.136983 4
0.141529 4
0.138194 4
0.137986 4
0.152638 4
0.155555 1
0.183969 1
0.201758 1
0.162900 1
0.205179 1
0.150256 1
0.289485 1
0.306824 1
0.146492 1
0.478956 1
0.065030 1
0.146083 1
0.329970 1
0.105554 1
0.117521 1
0.157233 11
0.004999 234
0.249310 14
0.003131 36
0.000044 62
0.003148 232
0.000239 8
0.000012 55
4.235398 25
0.288217 97
0.279694 193
0.141509 270
0.319593 55
0.477334 94
0.584010 10
0.397201 40
0.325132 59
0.330039 60
0.308826 55
0.303060 188
1.545437 1
0.332992 3
0.311765 1
0.631841 1
0.041244 1
0.040160 1
0.040133 1
0.040109 348
0.040805 1
0.039607 1
0.039964 1
0.040561 1
0.038851 1
0.040073 1
0.040126 1
0.040388 1
0.040892 1
0.039068 1
0.039990 1
0.039757 1
0.040789 1
0.039634 1
0.039466 1
0.039661 1
0.040857 1
0.040050 1
0.039788 1
0.040403 1
0.039494 1
0.039743 1
0.039890 1
0.039809 1
0.040499 1
0.040321 1
0.039645 1
0.040345 1
0.039089 1
0.040570 1
0.039692 1
0.235735 1
1.763041 251
1.550460 253
0.105480 3
1.221271 259
0.196123 259
0.118949 261
0.270878 263
0.103838 265
0.084186 267
0.750968 269
0.399181 271
14.252128 273
0.117987 275
0.172692 277
0.755016 274
0.144293 272
0.140143 270
0.325393 273
37.670622 275
0.218365 277
1.690773 279
0.188492 281
2.097465 14
0.004684 234
0.064275 66
0.147025 36
0.000050 62
0.003473 232
0.000208 8
0.000008 55
20.743026 1
0.105881 1
0.150497 1
0.107696 1
0.078319 1
0.088120 1
0.130046 1
0.206175 1
0.077211 1
0.662267 1
0.086949 1
0.355621 1
0.079253 1
1.238958 1
2.215552 1
0.112834 1
0.238204 1
0.124748 1
0.127506 1
0.096963 1
1.589850 1
0.555301 1
0.263980 1
0.254938 1
2.296572 1
0.145597 1
0.256443 1
0.156296 1
0.258327 1
0.117508 1
0.094792 1
0.174583 1
0.336657 1
0.307683 1
1.183976 1
0.707683 1
0.122250 1
3.556750 1
0.084956 1
0.115228 1
0.264719 1
0.218633 4
0.231510 1
0.208204 1
0.148919 1
0.290559 1
0.985243 1
0.098493 1
0.077980 1
0.088800 1
0.986920 1
0.226755 1
1.222133 1
0.089344 1
0.267287 1
0.321429 1
0.803155 1
0.485884 1
0.121985 1
0.175741 1
0.124232 1
0.079734 1
0.184186 1
0.602576 1
0.765911 1
1.072651 1
0.129942 1
0.434430 1
0.305017 1
0.460602 1
0.287295 1
0.451913 1
0.709246 1
2.038903 1
0.110421 1
0.127310 1
0.478544 1
0.263387 1
0.327534 1
0.076445 1
0.770537 1
1.290199 1
0.375491 1
0.192331 1
0.088450 3
0.103239 1
0.758248 1
0.285201 1
0.114758 1
0.417702 1
0.304010 1
0.225210 1
0.062009 1
3.176692 11
0.004997 234
0.083532 66
0.136214 36
0.000050 62
0.003474 232
0.000282 8
0.000012 55
7.106573 1
0.100102 1
0.310688 1
0.098161 1
0.272828 11
0.005231 234
0.009629 52
0.000036 21
0.212806 8192
0.000022 1802
1.545595 911
1.559247 1713
1.551217 1360
1.556869 952
1.553331 939
1.602460 1794
0.709797 5255
0.000018 1096
0.000011 226
0.000010 142
0.000011 117
1.560567 232
1.553982 278
1.553703 257
0.000017 23
1.549705 489
0.000037 1181
0.000013 865
0.029314 34
0.000021 570
0.000015 432
0.000013 445
0.000011 216
0.000015 432
0.000011 228
0.052419 169
0.000018 1410
0.000011 486
0.000010 487
0.000006 11
0.080080 34
0.000019 873
0.000012 196
0.000013 255
0.000027 454
0.000015 400
0.000015 185
0.039682 34
0.000023 915
0.000016 446
0.000013 446
0.000014 223
0.000014 208
0.271984 168
0.000043 1411
0.000013 662
0.031398 436
0.000016 760
0.000010 285
0.000009 191
0.000009 191
0.000010 191
0.000019 162
0.000026 209
0.032617 415
0.000040 1448
0.000012 742
0.023262 602
0.000016 877
0.000008 216
0.000027 456
0.000010 246
0.024456 335
0.000016 793
0.000010 216
0.000010 432
0.000009 216
0.000077 230
1.599695 667
0.322814 329
0.649052 443
0.000027 337
0.000009 343
0.000006 67
0.000008 121
0.000006 111
0.000008 83
0.000006 119
0.000007 111
0.000007 105
0.000006 69
0.000006 11
0.000007 40
0.000007 29
0.000007 20
0.000008 11
0.000006 83
0.000007 180
0.000007 90
0.000007 96
0.000006 137
0.000007 75
0.000012 107
0.000008 86
0.000029 301
0.000007 107
0.000007 67
1.560330 310
0.000019 76
1.554150 269
1.551916 263
1.554367 194
1.555968 137
0.108319 571
0.000015 309
0.000012 193
0.000010 167
0.000009 88
0.000010 132
0.000010 114
0.000010 146
0.000009 145
0.000010 76
0.000009 76
0.000010 76
0.000009 102
0.000010 142
0.000010 171
0.000010 151
0.000010 171
0.000010 136
0.000009 148
0.000010 100
0.000010 128
0.000009 59
1.555517 370
1.553031 988
1.555412 142
1.555106 281
0.000022 342
0.000016 487
0.000014 375
0.000013 8
0.000017 202
1.556589 345
0.000018 120
0.682552 61
0.001792 36
0.000042 62
0.002970 232
0.000111 63
18.960262 1
0.097479 1
0.131456 1
0.096997 1
0.090566 1
0.071078 1
0.145398 1
1.433825 1
0.071268 1
0.964830 2
0.000013 9
0.004215 234
0.029371 115
0.000013 194
0.000007 85
0.000017 59
0.000011 162
0.000010 14
0.000327 36
0.000050 62
0.002832 232
0.000114 8
0.000009 55
19.434612 1
0.188808 1
1.502456 1
1.003716 1
0.680566 11
0.004583 240
