0.041945 50
0.000157 30
0.002719 226
0.000215 8
0.000009 49
1.722215 1
0.077207 1
0.083712 1
0.162844 1
0.138408 1
0.194953 11
0.004337 228
0.001188 107
0.000245 30
0.000026 62
0.002793 226
0.000160 57
129.170071 1
0.117884 1
0.176222 1
0.088461 1
0.268856 1
0.276628 1
5.397740 1
0.150167 1
0.160629 1
0.203643 1
0.184811 1
0.142409 1
0.091185 1
0.199060 1
0.395167 1
0.644810 1
1.109345 1
0.494389 1
0.237581 1
0.674397 1
0.251361 1
0.178836 1
0.087437 1
0.271026 1
0.114432 1
0.121217 1
0.240694 1
0.815295 11
0.004470 228
0.000031 43
0.000040 42
0.000078 62
0.002897 238
0.001220 69
16.400498 1
0.077314 1
0.134468 1
0.107595 1
0.102041 1
0.086809 1
0.067684 1
0.438296 1
0.098469 1
0.132665 1
0.012490 1
0.352899 1
0.193781 1
0.433673 4
0.406522 4
0.126108 4
0.284549 1
0.184731 1
0.123577 1
0.165969 1
0.152161 1
0.264596 1
0.058512 1
0.220281 11
0.004704 240
0.276713 180
0.022639 104
0.000020 155
0.003712 42
0.000057 62
0.002655 238
0.000117 8
0.000015 61
4.595673 1
0.082733 1
0.167514 1
0.086753 1
0.146021 1
0.071787 1
0.632024 1
0.809461 1
0.104196 1
0.155581 11
0.004510 240
0.039353 212
0.000015 74
0.001941 42
0.000064 62
0.003033 238
0.000147 8
0.000012 61
3.427372 1
0.111206 1
0.100711 1
0.129289 1
0.097401 1
0.070311 1
0.141098 1
0.161172 1
0.090456 1
0.165730 1
0.115944 1
0.151165 1
0.078332 1
0.209168 1
0.717866 1
0.126865 1
0.205920 1
0.116922 1
0.071045 1
0.165207 1
1.357624 1
0.141069 1
0.281573 1
0.247768 1
0.187758 1
0.602718 4
0.103748 1
0.271842 1
0.181367 1
0.632224 1
0.278158 1
0.082858 1
0.192571 1
0.068444 1
0.221273 1
0.253138 1
0.699737 1
1.121692 1
0.317082 1
1.048862 1
0.142905 1
0.282786 1
0.795296 1
0.409088 1
2.428471 1
0.182462 1
0.381783 1
2.030220 1
0.470855 1
0.336533 1
0.355287 1
0.575467 1
0.381693 1
0.322111 1
0.522589 1
0.279724 1
1.170432 1
0.785922 1
0.110976 1
0.419178 11
0.004504 240
0.013201 45
1.834403 36
1.361537 94
0.000020 47
0.000162 235
0.508059 25
0.000011 23
0.200474 46
0.100353 44
0.000020 4
0.099294 46
0.000118 9
0.000015 37
0.000180 46
0.099417 112
0.000143 46
0.099839 24
0.000023 88
0.100460 24
0.000021 88
0.099350 24
0.000015 88
0.100661 222
0.099244 112
0.000017 110
0.099778 135
0.000017 196
0.100365 24
0.000020 111
0.000015 87
0.000015 8
0.000014 15
0.000012 82
0.000010 4
0.099640 24
0.000012 96
0.000032 15
0.000007 87
0.000166 23
0.000007 23
0.100645 46
0.000017 112
0.001586 42
0.097584 112
0.001351 23
0.000013 19
0.000208 42
0.098730 112
0.001341 38
0.000014 4
0.000226 42
0.000211 42
0.000232 23
0.000008 19
0.097791 112
0.000326 9
0.000012 33
0.000318 23
0.000011 19
0.098957 24
0.000018 88
0.100558 24
0.000016 88
0.099831 24
0.000015 88
0.100245 112
0.099412 24
0.000016 88
0.099697 24
0.000016 88
0.099945 112
0.100140 112
0.100267 24
0.000014 88
0.100195 112
0.099915 24
0.000018 88
0.099733 24
0.000018 88
0.099811 112
0.100072 112
0.100303 112
0.100566 24
0.000017 88
0.099681 48
0.000317 44
0.100472 44
0.099993 44
0.072246 174
0.328989 66
0.208519 42
0.000060 62
0.020623 238
0.000018 69
0.680425 1
0.114483 1
0.124238 1
0.114983 1
0.061301 1
0.081059 1
0.099940 1
0.184955 1
0.075689 1
1.437411 11
0.004938 240
0.023706 76
0.000015 124
0.000011 16
0.000011 60
0.000010 73
0.000010 34
0.000010 56
0.000306 42
0.000057 62
0.003265 238
0.000134 8
0.000011 61
10.086852 1
0.737150 1
0.083505 1
0.108519 1
0.115366 1
2.899026 1
1.798021 4
0.509839 1
0.276991 1
0.215191 1
0.125700 1
0.204083 1
0.308289 1
0.140704 1
0.172318 1
0.269507 1
0.302875 1
0.488115 1
0.123176 1
0.188350 1
0.166955 1
0.992782 1
0.286557 1
0.961663 1
0.245838 1
0.155308 1
0.312838 1
0.092664 1
0.248117 1
0.193316 1
0.141833 1
0.616332 1
0.240900 1
0.474159 1
0.307388 11
0.004783 240
0.047870 54
0.000020 29
0.000016 14
0.000015 9
0.000013 9
0.000014 12
0.000016 11
0.000017 6
0.000015 14
0.000015 12
0.000015 7
0.000015 9
0.000015 8
0.000015 9
0.000015 8
0.000015 11
0.000015 9
0.000015 8
0.001652 9
0.000013 14
0.000011 9
0.000010 7
0.000011 10
0.000011 7
0.000011 9
0.000011 10
0.000010 6
0.000507 399
0.000235 42
0.000093 62
0.002245 238
0.000116 8
0.000012 61
3.646298 1
0.386491 1
0.256466 1
0.086300 1
0.162331 1
0.251831 1
1.001120 4
0.235065 1
0.146927 1
0.266188 1
0.119869 1
0.120304 1
0.201434 1
0.104645 1
0.087581 1
0.224198 1
0.504079 1
0.558569 1
0.138130 1
0.167110 1
0.373842 1
0.250800 1
0.233314 1
0.174112 1
0.267736 1
0.122193 1
0.408903 1
0.281278 1
0.102685 1
0.173190 1
0.381530 4
0.189930 1
0.240063 1
0.146071 1
0.485384 1
0.095613 1
0.223240 11
0.003989 240
0.004217 39
0.000013 20
0.000009 11
0.000010 9
0.000011 11
0.000009 8
0.000009 9
0.000009 5
0.000010 13
0.000009 7
0.000009 9
0.000009 9
0.000010 5
0.000010 11
0.000009 10
0.000009 9
0.000009 8
0.000010 6
0.000009 9
0.000009 5
0.000009 9
0.000010 11
0.000009 6
0.000769 11
0.000013 16
0.000011 5
0.000010 10
0.000009 11
0.000009 6
0.000010 12
0.000010 6
0.000009 4
0.000551 281
0.000011 118
0.000188 42
0.000026 62
0.002419 238
0.000169 8
0.000017 61
31.465819 1
0.106498 1
0.122015 1
0.102667 1
0.084318 1
0.086064 1
1.923163 1
4.656998 1
0.255084 1
0.343824 1
0.194519 1
0.168105 1
0.749156 1
0.213869 1
0.541966 1
0.189627 1
0.293588 1
0.156549 1
0.124416 1
0.493071 1
0.148692 1
0.280282 1
0.085755 1
0.117677 1
0.124770 11
0.003820 240
0.260044 14
0.001787 42
0.000030 62
0.002892 238
0.000204 8
0.000016 61
3.148506 1
0.124227 1
0.477849 1
0.075173 1
0.079273 1
0.102313 1
0.103701 1
0.125427 1
0.073173 1
0.122702 11
0.003556 240
0.016277 68
0.000012 144
0.000008 74
0.000339 42
0.000062 62
0.002623 238
0.000129 8
0.000011 61
0.856737 1
0.085325 1
0.147921 1
0.104118 1
0.069248 1
0.077322 1
0.345276 1
0.163037 1
0.065744 1
0.100137 1
0.188265 1
0.148954 1
0.161373 1
0.216585 1
0.102439 1
0.182939 1
0.099978 1
0.107513 1
0.121746 1
0.322349 11
0.004018 240
0.034927 180
0.101350 24
0.000015 144
0.100181 28
0.000014 144
0.099814 28
0.000018 291
0.081794 28
0.000023 300
0.003520 42
0.000070 62
0.002598 238
0.000119 8
0.000009 61
69.876931 1
0.183715 1
0.155940 1
0.396541 1
0.266495 11
0.005131 240
0.000036 16
0.000067 30
0.000041 62
0.002879 226
0.000243 8
0.000011 49
78.242368 54
0.007676 54
0.008251 54
0.015750 54
0.010207 54
0.013890 54
0.008019 54
0.020559 54
0.051447 54
0.025523 54
0.022457 54
0.048150 54
0.016084 54
0.055802 54
0.032014 54
0.013795 54
0.050259 54
0.047843 54
0.016524 54
0.055505 54
0.028008 54
0.010528 54
0.041654 54
0.055855 54
0.023955 54
0.025233 54
0.063190 54
0.064020 54
0.071906 54
0.071840 54
0.200988 54
710.718180 1
0.925037 1
0.480939 11
0.005280 228
0.022544 31
0.000028 62
0.000478 30
0.000068 62
0.002769 226
0.000273 57
50.359932 1
0.087986 1
0.854231 1
0.431026 1
0.133077 1
0.635704 4
0.176751 4
0.721177 1
0.136062 1
0.172907 1
1.185139 1
0.214133 1
0.139966 1
0.151881 1
0.787175 1
0.070159 1
0.143394 1
1.199886 1
0.130372 1
0.264617 1
0.293399 1
0.211588 1
0.152321 1
0.089042 1
0.255450 1
0.169535 1
0.063186 1
0.188526 1
2.943007 11
0.004871 228
0.000075 42
0.000014 62
0.002625 238
0.000176 69
0.167614 1
0.108320 1
0.130995 1
0.103018 1
0.053684 1
0.075269 1
0.127851 1
0.441836 1
0.132654 1
0.161198 1
0.194001 1
0.156818 1
0.102778 1
0.156967 1
0.137717 1
0.876753 1
0.586488 1
2.253613 11
0.004354 240
0.037587 180
0.002053 40
0.000014 27
0.001936 42
0.000045 62
0.003127 238
0.000126 8
0.000011 61
4.286292 17
0.782584 4
0.108968 4
0.697298 1
0.124031 1
0.643976 11
0.004301 240
0.034632 180
0.101678 22
0.000038 343
0.060734 372
0.000018 6
0.013792 27
0.140408 25
0.000013 32
0.000008 12
0.000008 12
0.000007 4
0.000007 12
0.000007 4
0.000008 16
0.000016 20
0.000007 8
0.000007 8
0.000008 8
0.000007 8
0.000006 8
0.000007 8
0.000008 8
0.000007 8
0.000008 8
0.000007 4
0.000007 8
0.000008 8
0.000007 8
0.000007 8
0.000008 8
0.000007 8
0.000007 8
0.000007 8
0.000008 8
0.000007 9
0.000218 132
0.000007 12
0.000007 12
0.000007 12
0.000008 8
0.000007 8
0.000016 12
0.000007 12
0.000007 12
0.000007 12
0.000008 12
0.000007 8
0.000008 12
0.000008 16
0.000008 4
0.000007 20
0.000007 8
0.000007 12
0.000007 8
0.000007 12
0.000009 12
0.000007 12
0.000007 8
0.000008 16
0.000007 8
0.000008 17
0.000050 6
0.000011 18
0.000010 9
0.000011 11
0.000020 122
0.000011 53
0.000009 32
0.000010 20
0.000010 28
0.000009 16
0.000010 28
0.000009 24
0.000009 12
0.000010 28
0.000009 24
0.000014 29
0.000009 109
0.000008 20
0.000008 16
0.000008 24
0.000009 12
0.000009 16
0.000008 24
0.000008 20
0.000008 20
0.000009 8
0.000009 24
0.000008 24
0.000008 20
0.000008 12
0.000008 24
0.000009 21
0.000019 16
0.000008 17
0.000018 133
0.000008 9
0.000009 16
0.000008 24
0.000009 20
0.000008 20
0.000008 16
0.000009 12
0.000009 20
0.000007 20
0.000008 24
0.000009 20
0.000008 24
0.000008 20
0.000009 12
0.000008 20
0.000009 129
0.000008 21
0.000008 12
0.000009 24
0.000008 12
0.000009 24
0.000008 12
0.000009 24
0.000009 20
0.000008 16
0.000009 20
0.000008 20
0.000008 20
0.000009 24
0.000008 16
0.000009 12
0.000008 17
0.000008 6
0.000009 18
0.000008 9
0.000009 128
0.000011 5
0.009929 29
0.000015 48
0.000012 24
0.000015 24
0.000012 28
0.000012 32
0.000013 32
0.000012 20
0.000012 36
0.000012 21
0.000013 145
0.000013 40
0.000011 28
0.000013 24
0.000012 28
0.000012 40
0.000012 28
0.000012 24
0.000013 32
0.000012 25
0.000029 24
0.000013 9
0.000015 133
0.012917 29
0.000014 36
0.000009 12
0.000010 16
0.000008 16
0.000008 12
0.000009 16
0.000010 16
0.000024 36
0.000009 20
0.000010 12
0.000009 16
0.000008 12
0.000008 12
0.000009 16
0.000010 12
0.000009 5
0.000010 135
0.000017 12
0.000009 24
0.000010 12
0.000008 12
0.000011 16
0.000009 8
0.000009 20
0.000010 12
0.000010 20
0.000009 8
0.000009 24
0.000009 20
0.000009 12
0.000009 32
0.000009 20
0.000009 16
0.000009 13
0.000022 24
0.000009 9
0.000010 124
0.000010 9
0.000009 25
0.000009 24
0.000009 20
0.000009 20
0.000010 24
0.000009 20
0.000009 16
0.000009 28
0.000008 16
0.000009 20
0.000010 24
0.000008 24
0.000008 8
0.000009 25
0.000009 117
0.000010 24
0.000009 16
0.000009 16
0.000009 32
0.000009 20
0.000010 16
0.000008 28
0.000017 20
0.000009 40
0.000009 20
0.000010 20
0.000009 24
0.000009 5
0.000009 14
0.000009 10
0.000009 20
0.000010 122
0.000009 21
0.000008 28
0.000009 16
0.000010 28
0.000009 24
0.000009 12
0.000009 32
0.000009 20
0.000009 16
0.000010 24
0.000007 24
0.000009 8
0.000009 32
0.000009 126
0.000009 16
0.000009 24
0.000009 12
0.000009 28
0.000010 16
0.000009 28
0.000009 20
0.000010 16
0.000009 28
0.000009 16
0.000009 28
0.000010 20
0.000009 28
0.000009 5
0.000009 14
0.000009 10
0.000010 20
0.000009 122
0.001221 29
0.000012 8
0.000025 4
0.000649 16
0.000010 32
0.000008 20
0.000008 20
0.000007 8
0.000008 20
0.000009 16
0.000008 12
0.000009 8
0.000006 12
0.000006 12
0.000005 4
0.000006 16
0.000006 8
0.000005 16
0.000015 28
0.000006 5
0.000006 108
0.000006 13
0.000006 8
0.000006 12
0.000012 16
0.000012 16
0.000006 12
0.000006 12
0.000006 8
0.000006 12
0.000006 8
0.000008 12
0.000008 8
0.000009 20
0.000009 12
0.000008 8
0.000020 12
0.000008 28
0.000008 16
0.000009 16
0.000009 20
0.000020 8
0.000010 17
0.000008 6
0.000008 18
0.000008 9
0.000009 11
0.000008 122
0.000008 17
0.000008 20
0.000008 20
0.000008 20
0.000008 20
0.000009 20
0.000008 16
0.000008 16
0.000008 20
0.000008 20
0.000009 20
0.000009 20
0.000008 16
0.000009 28
0.000008 21
0.000008 105
0.000008 20
0.000009 16
0.000008 20
0.000009 16
0.000009 20
0.000009 20
0.000008 24
0.000008 20
0.000008 20
0.000009 20
0.000008 12
0.000008 20
0.000008 24
0.000008 16
0.000009 13
0.000008 6
0.000008 18
0.000009 9
0.000009 133
0.009675 41
0.000013 36
0.000009 8
0.000008 24
0.000009 16
0.000008 8
0.000011 24
0.000012 16
0.000009 28
0.000008 12
0.000008 8
0.000008 24
0.000008 8
0.000021 24
0.000008 17
0.000008 95
0.000008 9
0.000008 20
0.000008 16
0.000009 16
0.000009 12
0.000027 12
0.000012 56
0.000010 20
0.000008 20
0.000008 8
0.000008 12
0.000008 28
0.000008 8
0.000008 20
0.000007 12
0.000008 4
0.000008 17
0.000033 16
0.000011 8
0.000008 9
0.000020 133
0.000018 17
0.000009 12
0.000008 20
0.000008 12
0.000008 16
0.000008 12
0.000007 12
0.000008 16
0.000008 12
0.000008 16
0.000008 8
0.000008 20
0.000008 12
0.000007 12
0.000009 20
0.000008 12
0.000008 12
0.000008 12
0.000009 20
0.000008 12
0.000008 9
0.000008 90
0.000008 12
0.000015 16
0.000008 28
0.000008 8
0.000008 20
0.000009 8
0.000008 20
0.000009 16
0.000008 12
0.000008 16
0.000008 12
0.000008 8
0.000008 20
0.000008 12
0.000009 12
0.000008 12
0.000008 20
0.000008 12
0.000007 13
0.000024 16
0.000008 8
0.000008 9
0.000008 124
0.000007 9
0.000008 17
0.000008 12
0.000009 12
0.000008 12
0.000008 20
0.000008 12
0.000008 8
0.000008 20
0.000008 12
0.000008 16
0.000008 16
0.000008 12
0.000009 8
0.000008 20
0.000008 8
0.000009 20
0.000008 12
0.000009 8
0.000008 20
0.000008 12
0.000009 135
0.000077 61
0.000009 24
0.000008 12
0.000008 12
0.000008 20
0.000007 12
0.000007 16
0.000014 8
0.000005 20
0.000006 16
0.000006 8
0.000006 20
0.000005 12
0.000006 12
0.000005 16
0.000006 8
0.000006 17
0.000015 16
0.000005 8
0.000006 9
0.000006 11
0.000005 122
0.000007 13
0.000006 20
0.000005 12
0.000006 12
0.000006 20
0.000006 12
0.000006 12
0.000006 20
0.000006 12
0.000006 16
0.000006 12
0.000006 16
0.000006 12
0.000006 12
0.000006 20
0.000006 12
0.000006 12
0.000006 20
0.000006 16
0.000006 13
0.000006 103
0.000006 12
0.000006 8
0.000007 24
0.000006 16
0.000007 16
0.000006 16
0.000006 16
0.000006 20
0.000006 16
0.000006 16
0.000006 16
0.000006 16
0.000006 16
0.000006 12
0.000006 16
0.000006 8
0.000006 24
0.000012 17
0.000007 10
0.000005 14
0.000012 9
0.000006 128
0.000006 14
0.000006 12
0.000006 16
0.000006 12
0.000005 12
0.000006 12
0.000005 16
0.000007 20
0.000006 8
0.000006 20
0.000006 16
0.000006 12
0.000007 16
0.000006 16
0.000006 16
0.000007 12
0.000006 16
0.000006 12
0.000007 12
0.000006 20
0.000006 107
0.000006 17
0.000007 16
0.000006 16
0.000006 8
0.000006 20
0.000007 12
0.000006 12
0.000005 12
0.000006 20
0.000006 8
0.000006 20
0.000006 16
0.000006 12
0.000006 20
0.000007 12
0.000006 12
0.000006 12
0.000006 20
0.000006 12
0.000006 17
0.000014 14
0.000006 10
0.000006 9
0.000012 133
0.000956 25
0.000009 32
0.000007 20
0.000009 20
0.000008 16
0.000008 16
0.000008 32
0.000008 16
0.000008 16
0.000008 20
0.000008 20
0.000008 20
0.000008 24
0.000007 17
0.000010 100
0.000017 28
0.000008 28
0.000009 20
0.000008 20
0.000009 20
0.000007 20
0.000008 12
0.000008 12
0.000008 24
0.000008 16
0.000008 16
0.000007 12
0.000008 12
0.000008 28
0.000006 9
0.000016 16
0.000011 8
0.000012 9
0.000018 124
0.000008 9
0.000008 13
0.000006 12
0.000008 20
0.000008 24
0.000007 12
0.000015 36
0.000008 12
0.000008 16
0.000009 16
0.000009 20
0.000008 20
0.000008 20
0.000008 8
0.000007 12
0.000008 4
0.000012 20
0.000006 24
0.000006 89
0.000016 37
0.000008 12
0.000008 20
0.000008 20
0.000008 12
0.000008 8
0.000008 36
0.000008 20
0.000008 16
0.000007 12
0.000008 24
0.000008 12
0.000008 12
0.000007 8
0.000009 12
0.000006 16
0.000009 12
0.000006 5
0.000016 6
0.000007 18
0.000017 9
0.000015 128
0.000008 9
0.000007 13
0.000007 16
0.000008 12
0.000008 8
0.000008 16
0.000007 12
0.000056 12
0.000008 12
0.000009 8
0.000058 108
0.000009 16
0.000008 12
0.000007 16
0.000006 8
0.000005 8
0.000006 4
0.000006 9
0.000006 93
0.000007 8
0.000009 12
0.000007 8
0.000008 8
0.000008 20
0.000007 12
0.000008 12
0.000008 12
0.000006 12
0.000005 8
0.000007 8
0.000009 12
0.000009 8
0.000010 24
0.000008 12
0.000007 12
0.000005 8
0.000006 8
0.000008 12
0.000008 8
0.000008 12
0.000009 16
0.000008 16
0.000007 8
0.000008 9
0.000018 6
0.000007 14
0.000009 4
0.000006 9
0.000015 11
0.000007 122
0.000027 21
0.000010 16
0.000009 24
0.000008 20
0.000008 24
0.000008 4
0.000009 24
0.000008 12
0.000008 24
0.000009 16
0.000015 20
0.000014 28
0.000010 24
0.000008 20
0.000008 101
0.000010 21
0.000008 16
0.000008 12
0.000009 28
0.000008 12
0.000009 16
0.000009 12
0.000009 12
0.000009 8
0.000010 24
0.000008 28
0.000009 16
0.000010 16
0.000010 16
0.000008 20
0.000009 24
0.000009 13
0.000023 24
0.000009 9
0.000019 133
0.000008 13
0.000011 20
0.000009 8
0.000009 20
0.000018 28
0.000008 20
0.000009 12
0.000009 28
0.000008 16
0.000008 16
0.000008 16
0.000008 16
0.000008 24
0.000009 16
0.000007 12
0.000006 16
0.000005 13
0.000008 88
0.000008 17
0.000009 24
0.000007 12
0.000008 12
0.000009 12
0.000008 12
0.000009 12
0.000008 8
0.000008 20
0.000009 12
0.000008 24
0.000009 20
0.000008 12
0.000008 12
0.000008 20
0.000009 24
0.000008 20
0.000009 17
0.000021 24
0.000008 9
0.000020 133
0.000008 9
0.000008 16
0.000008 16
0.000008 16
0.000010 20
0.000008 24
0.000008 8
0.000009 24
0.000009 16
0.000008 28
0.000017 32
0.000009 20
0.000009 24
0.000008 16
0.000009 16
0.000009 97
0.000008 21
0.000008 12
0.000009 16
0.000008 20
0.000008 8
0.000008 16
0.000009 20
0.000010 8
0.000009 12
0.000008 20
0.000009 24
0.000007 12
0.000008 20
0.000008 28
0.000010 16
0.000008 20
0.000008 17
0.000018 16
0.000006 12
0.000005 5
0.000006 124
0.000013 30
0.000006 12
0.000006 12
0.000005 12
0.000006 8
0.000008 12
0.000005 12
0.000007 16
0.000006 12
0.000005 12
0.000011 16
0.000016 16
0.000010 12
0.000006 24
0.000006 16
0.000006 12
0.000006 12
0.000006 8
0.000006 20
0.000007 16
0.000006 8
0.000006 89
0.000006 9
0.000006 20
0.000005 12
0.000006 12
0.000005 12
0.000006 12
0.000006 20
0.000006 12
0.000006 8
0.000005 20
0.000006 12
0.000006 8
0.000006 16
0.000006 12
0.000006 12
0.000006 12
0.000006 8
0.000006 20
0.000006 16
0.000006 16
0.000006 12
0.000006 13
0.000015 14
0.000006 10
0.000006 9
0.000013 128
0.000006 5
0.000013 17
0.000006 20
0.000006 12
0.000006 8
0.000006 20
0.000006 12
0.000006 12
0.000006 12
0.000005 12
0.000006 8
0.000006 12
0.000006 20
0.000006 12
0.000006 8
0.000006 20
0.000006 12
0.000006 16
0.000006 12
0.000006 12
0.000006 12
0.000006 12
0.000006 13
0.000005 93
0.000006 4
0.000006 20
0.000006 12
0.000006 12
0.000005 12
0.000006 20
0.000006 12
0.000005 12
0.000007 12
0.000006 12
0.000006 12
0.000006 12
0.000006 12
0.000006 16
0.000006 8
0.000005 20
0.000006 12
0.000006 8
0.000006 20
0.000006 8
0.000006 20
0.000005 9
0.000017 14
0.000005 10
0.000006 9
0.000011 128
0.000006 14
0.000006 8
0.000006 20
0.000005 12
0.000006 12
0.000006 12
0.000006 8
0.000006 8
0.000006 12
0.000005 20
0.000006 16
0.000005 12
0.000007 8
0.000006 16
0.000005 16
0.000006 12
0.000006 12
0.000007 12
0.000005 16
0.000006 12
0.000006 8
0.000006 20
0.000005 13
0.000006 88
0.000007 17
0.000005 16
0.000006 12
0.000006 12
0.000007 16
0.000007 12
0.000007 12
0.000006 16
0.000006 8
0.000006 16
0.000007 8
0.000007 16
0.000006 12
0.000005 12
0.000007 12
0.000006 12
0.000007 16
0.000006 8
0.000007 16
0.000006 12
0.000006 8
0.000007 16
0.000006 5
0.000006 4
0.000006 12
0.000006 8
0.000007 9
0.000012 133
0.000006 13
0.000006 12
0.000006 8
0.000006 8
0.000006 12
0.000007 20
0.000007 12
0.000006 16
0.000007 12
0.000007 16
0.000006 16
0.000007 12
0.000007 12
0.000006 12
0.000006 12
0.000007 8
0.000016 28
0.000013 20
0.000007 16
0.000006 8
0.000006 21
0.000007 88
0.000006 17
0.000006 8
0.000006 8
0.000006 12
0.000006 12
0.000007 12
0.000007 12
0.000007 12
0.000006 12
0.000006 20
0.000006 12
0.000006 12
0.000007 12
0.000006 8
0.000007 12
0.000006 20
0.000006 12
0.000007 12
0.000007 16
0.000007 12
0.000007 20
0.000006 12
0.000007 5
0.000006 6
0.000006 10
0.000006 8
0.000012 9
0.000006 11
0.000006 122
0.000006 13
0.000006 12
0.000006 12
0.000007 12
0.000006 8
0.000006 16
0.000006 12
0.000006 8
0.000006 8
0.000007 20
0.000006 12
0.000006 12
0.000006 12
0.000007 16
0.000007 8
0.000006 12
0.000006 16
0.000007 12
0.000006 16
0.000006 8
0.000006 8
0.000006 16
0.000007 8
0.000006 17
0.000007 88
0.000007 17
0.000006 12
0.000006 12
0.000007 12
0.000007 16
0.000007 12
0.000007 12
0.000007 12
0.000006 16
0.000006 16
0.000006 12
0.000007 12
0.000006 12
0.000006 20
0.000008 12
0.000007 12
0.000006 20
0.000008 8
0.000006 12
0.000006 12
0.000007 12
0.000006 9
0.000011 16
0.000006 8
0.000007 9
0.000006 11
0.000006 122
0.000006 13
0.000007 8
0.000006 8
0.000006 12
0.000006 20
0.000007 12
0.000012 12
0.000006 24
0.000006 16
0.000006 12
0.000007 12
0.000006 20
0.000006 8
0.000006 8
0.000007 16
0.000006 12
0.000005 12
0.000007 12
0.000008 20
0.000007 12
0.000007 12
0.000007 13
0.000006 97
0.000007 12
0.000006 8
0.000007 12
0.000006 16
0.000008 12
0.000006 20
0.000007 8
0.000007 16
0.000007 12
0.000006 12
0.000007 12
0.000007 20
0.000006 8
0.000006 12
0.000007 12
0.000006 12
0.000006 20
0.000008 8
0.000007 20
0.000006 12
0.000006 12
0.000006 5
0.000014 16
0.000006 8
0.000007 9
0.000012 133
0.000006 9
0.000006 12
0.000007 12
0.000008 16
0.000007 12
0.000007 16
0.000006 8
0.000007 8
0.000006 16
0.000006 16
0.000007 12
0.000006 12
0.000017 28
0.000007 12
0.000006 16
0.000006 12
0.000007 12
0.000006 16
0.000008 16
0.000006 16
0.000006 8
0.000005 93
0.000006 13
0.000006 8
0.000006 16
0.000006 16
0.000006 12
0.000006 12
0.000006 12
0.000007 16
0.000005 8
0.000006 20
0.000007 12
0.000005 16
0.000006 4
0.000007 20
0.000006 12
0.000006 12
0.000006 12
0.000006 20
0.000006 12
0.000006 12
0.000006 8
0.000006 12
0.000005 9
0.000014 16
0.000005 8
0.000006 9
0.000006 11
0.000006 122
5.174257 33
0.000028 48
0.000007 12
0.000012 4
0.000009 8
0.000007 4
0.000006 12
0.000013 8
0.000006 4
0.000013 12
0.000005 8
0.000009 4
0.000006 4
0.000008 8
0.000008 4
0.000007 12
0.000008 8
0.000008 12
0.000009 8
0.000008 8
0.000014 12
0.000008 16
0.000010 8
0.000008 20
0.000008 8
0.000007 9
0.003999 42
0.000061 62
0.003604 238
0.000158 8
0.000016 61
12.436394 1
0.097195 1
0.116213 1
0.120112 1
0.091618 1
0.062483 1
0.179912 1
0.408315 1
0.099653 1
0.156000 1
0.127908 1
0.147091 1
0.071124 1
0.867377 1
1.194418 1
0.115355 1
0.166452 1
0.112278 1
0.109730 1
0.115519 1
0.341157 1
0.175885 1
0.183110 1
0.204442 1
0.151542 1
0.199541 1
0.156531 1
0.088328 1
0.298756 1
0.105562 1
0.304288 4
0.032412 1
0.284401 1
0.265796 1
0.073028 1
0.368093 1
2.171629 1
0.902067 1
0.191557 1
0.666452 1
0.096667 1
0.136864 1
0.409670 1
0.243690 1
0.383894 1
0.076934 1
0.254121 1
0.788065 1
0.071667 1
0.093450 1
0.083218 1
0.096459 1
0.471465 1
0.389068 1
0.094988 1
0.545444 1
0.148394 1
0.874483 4
0.240792 1
0.954215 1
0.086430 1
2.222279 11
0.004812 240
0.023242 306
0.000220 42
0.000053 73
0.002432 238
0.000113 8
0.000008 61
5.982187 57
0.548782 4
0.630556 4
0.039823 4
0.040511 4
0.039429 4
0.041949 4
0.040091 4
0.040014 4
0.141651 4
0.160594 4
0.167674 4
0.185843 4
0.339335 2
0.000013 9
0.004486 240
0.009862 156
0.000203 42
0.000044 71
0.002359 238
0.000316 8
0.000017 61
1.798346 45
0.817045 4
3.313465 4
0.228570 4
0.165209 4
0.153409 4
0.155816 4
0.146949 4
0.142593 4
0.146267 4
0.156777 4
0.149089 4
0.209099 4
0.595570 11
0.004393 240
0.009164 156
0.000230 42
0.000068 71
0.002822 238
0.000163 8
0.000011 61
20.051783 1
0.076188 1
0.255857 1
0.125975 1
0.090875 1
0.092065 1
0.558143 1
0.272822 1
0.092855 1
0.328434 1
5.007191 1
1.933393 1
0.226080 1
1.290872 1
0.224211 1
1.424726 1
0.612430 1
0.083838 1
0.355503 11
0.004240 240
0.095430 10
0.001867 42
0.000075 62
0.003118 238
0.000194 8
0.000014 61
3.538962 18
0.156600 35
0.119022 12
0.866449 12
0.856378 11
0.004108 240
0.324208 66
0.868771 42
0.000024 62
0.021096 238
0.000023 69
11.804647 1
0.104767 1
0.085559 1
2.641852 1
0.117342 1
0.623413 4
0.519001 1
0.107065 1
0.136215 1
0.107059 1
1.210973 1
0.564003 1
0.093073 1
0.152706 1
0.209411 1
0.079195 1
0.144358 1
1.015434 1
0.161598 1
0.151298 1
0.095575 1
1.073598 1
0.051198 1
0.327483 1
0.133828 1
0.353472 1
0.048128 1
0.234961 11
0.004734 240
0.004307 271
0.000298 42
0.000033 62
0.002583 238
0.000274 8
0.000016 61
112.751288 1
0.060393 1
0.178034 1
0.065030 1
0.092436 1
0.077309 1
0.060460 1
0.156337 1
0.126891 1
0.044930 1
0.118584 1
0.076759 1
0.295388 1
0.190103 1
0.071144 1
0.033726 1
0.256510 11
0.004527 240
0.011888 38
0.000256 42
0.000038 62
0.002563 238
0.000114 8
0.000013 61
3.299527 1
0.095847 1
0.114556 1
0.091075 1
0.066445 1
0.054884 1
0.108337 1
0.235932 1
0.107404 1
1.294502 11
0.004207 240
0.021708 68
0.000012 73
0.000007 35
0.000006 40
0.000007 18
0.000006 54
0.000006 34
0.000007 30
0.000006 28
0.000007 45
0.000007 14
0.001379 42
0.000046 62
0.003170 238
0.000124 8
0.000013 61
68.139275 1
0.042842 1
0.187586 1
0.096810 1
0.099032 1
1.763403 1
0.152233 1
0.127166 1
0.104245 1
0.082832 1
0.195961 1
0.102897 1
0.123775 1
0.143094 1
0.267365 1
0.921781 1
0.081671 1
1.400709 2
0.000014 9
0.004541 240
0.004438 39
0.000014 20
0.000012 8
0.000012 10
0.000011 11
0.000010 2
0.000542 42
0.000040 71
0.002947 238
0.000240 69
1.489072 17
0.779908 1
0.073739 1
0.574399 11
0.004466 240
0.005014 260
0.000017 592
0.000012 152
0.000013 18
0.000818 42
0.000024 62
0.002836 238
0.000179 69
1.069079 19
0.684820 4
0.047218 1
1.286263 11
0.004410 240
0.005336 256
0.000017 667
0.000753 42
0.000039 62
0.002700 238
0.000175 8
0.000013 61
62.052913 1
0.428068 1
0.174535 1
1.057789 1
1.010639 1
0.048328 1
6.459945 11
0.004726 240
0.023721 57
0.000343 1173
0.000018 761
0.000011 67
0.000010 213
0.000010 136
0.000021 213
0.000010 350
0.000008 138
0.000009 152
0.000008 132
0.000008 134
0.000009 146
0.000009 136
0.000009 150
0.000009 132
0.000008 134
0.000008 146
0.000010 136
0.000010 67
0.000009 215
0.000009 134
0.000008 147
0.000009 70
0.000010 220
0.000037 143
0.000012 434
0.000008 192
0.000010 153
0.000008 143
0.000009 149
0.000024 296
0.000009 227
0.000009 132
0.000008 146
0.000009 143
0.000018 207
0.000010 219
0.000009 142
0.000008 149
0.000009 79
0.000008 147
0.000008 148
0.000008 163
0.000010 75
0.000008 219
0.000009 73
0.000008 149
0.000010 146
0.000009 146
0.000009 146
0.000009 76
0.000008 156
0.000008 152
0.000009 153
0.000010 76
0.000009 227
0.000021 210
0.000009 232
0.000008 78
0.000010 231
0.000008 151
0.000017 186
0.000009 279
0.000008 93
0.000009 186
0.000008 93
0.000009 186
0.000008 149
0.000009 134
0.000010 142
0.000009 151
0.000009 152
0.000009 76
0.000009 228
0.000009 76
0.000008 146
0.000009 154
0.000008 148
0.000009 62
0.000008 173
0.000010 146
0.000008 74
0.000008 218
0.000011 128
0.000009 145
0.000009 164
0.000008 126
0.000008 134
0.000006 67
0.000005 87
0.000006 69
0.000006 74
0.000005 104
0.000006 144
0.000005 90
0.000006 87
0.000005 74
0.000006 155
0.000006 109
0.000005 79
0.000005 101
0.000006 85
0.000006 82
0.000006 142
0.000005 144
0.000006 75
0.000005 82
0.000007 85
0.000005 81
0.000006 188
0.000005 91
0.000006 75
0.000005 72
0.000006 73
0.000007 199
0.000005 127
0.000006 71
0.000006 74
0.000006 169
0.000005 97
0.000006 124
0.000005 75
0.000008 70
0.000007 149
0.000006 162
0.000006 131
0.000006 74
0.000006 131
0.000006 79
0.000006 144
0.000007 85
0.000006 156
0.000012 233
0.000005 82
0.000006 94
0.000006 84
0.000006 71
0.000005 155
0.000006 144
0.000006 77
0.000005 85
0.000005 87
0.000006 86
0.000006 144
0.000005 144
0.000006 86
0.000006 144
0.000005 144
0.000006 72
0.000006 68
0.000008 191
0.000005 80
0.000011 84
0.000007 128
0.000006 151
0.000006 104
0.000006 85
0.000005 89
0.000008 77
0.000006 148
0.000006 82
0.000006 166
0.000006 74
0.000006 82
0.000006 92
0.000006 176
0.000005 90
0.000006 100
0.000005 73
0.000007 84
0.000005 154
0.000006 77
0.000006 78
0.000006 76
0.000007 144
0.000006 74
0.000006 256
0.000012 129
0.000006 258
0.000006 121
0.000011 127
0.000006 133
0.000005 125
0.000007 123
0.000005 123
0.000006 135
0.000006 123
0.000006 133
0.000006 180
0.000006 93
0.000006 144
0.000008 144
0.000006 144
0.000005 144
0.000006 144
0.000006 144
0.000005 144
0.000006 70
0.000005 63
0.000006 163
0.000006 75
0.000006 80
0.000006 154
0.000005 72
0.000006 74
0.000006 144
0.000006 136
0.000006 144
0.000006 132
0.000006 144
0.000005 90
0.000006 144
0.000006 74
0.000006 146
0.000005 74
0.000006 74
0.000006 152
0.000006 97
0.000005 74
0.000006 148
0.000006 74
0.000007 144
0.000006 96
0.000006 144
0.000006 144
0.000005 150
0.000008 75
0.000006 150
0.000006 75
0.000006 75
0.000006 150
0.000006 75
0.000005 75
0.000006 150
0.000006 67
0.000005 144
0.000006 67
0.000005 143
0.000006 67
0.000006 144
0.000005 96
0.000006 144
0.000005 144
0.000006 75
0.000006 150
0.000006 75
0.000006 75
0.000005 75
0.000006 150
0.000006 75
0.000007 150
0.000005 75
0.000007 74
0.000005 156
0.000006 74
0.000006 67
0.000006 164
0.000005 82
0.000006 68
0.000005 60
0.000577 42
0.000049 62
0.002765 238
0.000185 8
0.000009 61
52.377691 66
1.984253 66
0.520369 66
249.601670 1
0.078576 1
0.199239 1
0.615379 1
0.602376 1
0.242702 1
0.203627 1
0.098696 1
0.177450 1
0.198877 1
0.103484 1
0.154359 1
0.122325 1
0.121883 11
0.004483 240
0.001212 28
0.000281 42
0.000073 62
0.002990 238
0.000202 69
1.863868 13
0.195492 1
0.203743 1
0.156503 1
0.080849 1
0.199272 2
0.000017 9
0.004392 240
0.001922 112
0.000232 42
0.000014 62
0.002942 238
0.000171 69
212.939727 1
0.401046 1
0.290066 1
0.213312 1
0.177688 1
0.156979 1
0.106813 1
0.139417 1
0.259299 1
1.459142 11
0.004538 240
0.079724 2443
0.000020 1768
0.000012 576
0.000010 474
0.000010 198
0.000012 472
0.000011 564
0.000013 324
0.000011 804
0.000011 236
0.000011 364
0.000014 528
0.000009 220
0.000009 114
0.000011 274
0.000009 379
0.000009 266
0.000009 289
0.000009 192
0.000011 144
0.000010 555
0.000009 76
0.000010 433
0.000009 258
0.000010 430
0.000009 402
0.000008 202
0.000010 568
0.000010 448
0.000009 564
0.000012 344
0.000010 672
0.000010 336
0.000010 568
0.000011 456
0.000009 336
0.000010 560
0.000009 340
0.000010 448
0.000014 448
0.000012 900
0.000010 448
0.000010 452
0.000009 560
0.000009 336
0.000010 452
0.000010 672
0.000012 340
0.000010 672
0.000009 336
0.000010 564
0.000011 448
0.000091 586
0.000037 5220
0.000213 1002
0.000432 8192
0.000150 4095
0.000156 4095
0.000151 4095
0.000241 4095
0.000022 4095
0.000064 4095
0.000099 4095
0.000217 6445
0.000103 8192
0.000095 3612
0.000097 3073
0.000007 898
0.000262 42
0.000039 62
0.002601 238
0.000117 8
0.000014 61
16.008591 9
0.577287 1
0.202433 1
0.260116 1
0.263356 1
0.373150 1
0.292376 1
0.151747 1
0.230198 11
0.004842 240
0.060799 168
0.000016 60
0.000035 60
0.000023 60
0.000025 50
0.000027 50
0.000026 50
0.000017 36
0.000019 36
0.000015 36
0.000028 41
0.000009 41
0.000039 41
0.000017 61
0.000031 61
0.000029 61
0.000009 27
0.000019 24
0.000022 44
0.000021 42
0.000022 42
0.000026 53
0.000017 30
0.000009 27
0.000031 52
0.000026 52
0.000026 52
0.000026 52
0.000026 52
0.000026 52
0.000026 52
0.000026 52
0.000026 52
0.000060 17
74.008515 4
0.000496 42
0.000067 62
0.003456 238
0.000175 8
0.000022 61
1.256803 16
0.696602 4
0.140705 4
0.143823 4
0.148740 4
0.137099 4
0.269245 4
2.077989 1
0.099033 1
2.168201 1
0.541780 1
0.151902 1
0.116584 1
0.174594 1
0.476619 1
0.192186 1
0.077322 1
0.155249 1
0.084508 1
0.060535 1
0.093049 1
0.248921 1
0.459520 1
0.253520 2
0.000014 9
0.004366 240
0.080402 2476
0.000258 42
0.000040 62
0.003315 238
0.000180 69
233.850822 1
0.069480 1
0.098044 1
0.189484 1
0.264515 1
0.362420 1
0.175858 1
0.190971 1
1.097209 1
0.305759 1
0.352450 1
0.268011 1
0.157380 1
0.267432 1
0.460005 1
0.405764 1
0.179239 1
0.132005 1
0.217976 1
0.386314 1
5.714676 1
0.215472 1
0.829552 1
0.257616 1
5.898921 28
1.715475 39
2.199455 11
0.005401 240
0.142300 19
3.413066 2
0.388899 38
0.007191 650
0.000018 975
0.003080 42
0.000052 62
0.003084 238
0.000194 8
0.000014 61
29.082859 44
1.529808 4
0.995237 1
0.210439 121
1.245503 1
0.722814 1
0.249998 44
0.879782 1
0.570287 1
0.042398 1
0.039701 1
0.039341 1
0.040799 1
0.038861 1
0.040204 1
0.040694 1
0.039910 1
0.040303 1
0.039854 1
0.039664 1
0.040426 1
0.039365 1
0.039778 1
0.040787 1
0.199027 1
0.162643 1
0.174160 1
0.850858 5
0.415165 5
1.932289 5
1.923128 5
0.499358 60
0.290320 1
0.522926 3
0.973578 11
0.004840 240
0.338306 38
0.000801 2925
0.000028 3335
0.000014 1744
0.000017 1351
0.000014 1145
0.000012 1351
0.000011 650
0.000015 992
0.000014 1334
0.000011 1009
0.000011 752
0.000015 1317
0.000013 1334
0.000083 975
0.000192 8192
0.000130 4095
0.000139 4095
0.000148 3645
0.001589 42
0.000045 62
0.002947 238
0.000159 8
0.000017 61
1.842873 47
0.763322 1
0.518113 7
0.112841 1
0.616046 1
0.041503 1
0.039786 1
0.039916 1
0.039921 1
0.040149 1
0.039990 1
0.040695 1
0.039772 1
0.039720 1
0.040531 1
0.039364 1
0.039693 1
0.040405 1
0.040324 1
0.039656 1
0.185063 1
0.173168 1
0.368485 5
0.680061 5
2.276027 5
1.226445 60
0.286677 1
0.359328 3
0.553349 1
0.630734 1
0.040598 1
0.039741 1
0.039716 1
0.039976 1
0.040260 1
0.040119 1
0.039759 1
0.040744 1
0.039947 1
0.039318 1
0.039771 1
0.039523 1
0.041354 1
0.039658 1
0.039646 1
0.040553 1
0.039826 1
0.039962 1
0.040570 1
1.043640 5
0.776527 2
0.000016 9
0.005138 240
0.370772 38
0.000934 975
0.002400 42
0.000063 62
0.003342 238
0.000116 8
0.000014 61
3.067941 47
0.349899 1
0.224743 1
0.631710 1
0.040294 1
0.040059 1
0.040117 1
0.041356 1
0.040085 1
0.040415 1
0.040307 1
0.039939 1
0.039231 1
0.040207 1
0.040166 1
0.039550 1
0.039647 1
0.040774 1
0.039413 1
0.040144 1
0.040495 1
0.039836 1
0.039730 1
0.040721 1
0.039377 1
0.039937 1
0.520810 5
0.135452 5
0.276622 5
0.290223 11
0.004384 240
0.087368 38
0.002947 42
0.000026 71
0.002906 238
0.000236 8
0.000011 61
2.278873 44
0.134380 103
0.149197 46
0.438804 49
0.720815 11
0.004418 240
0.074539 38
0.000720 1625
0.002204 42
0.000076 62
0.002923 238
0.000107 8
0.000013 61
48.577286 1
0.052642 1
0.297965 1
0.191156 1
0.163324 1
0.153194 1
0.118021 1
0.130616 1
0.198246 1
0.187869 1
1.473247 1
0.055728 1
0.719490 1
0.293408 1
0.159083 1
0.112449 1
0.126055 1
0.142312 1
0.211596 1
0.094740 1
0.021214 1
0.177682 1
0.347048 1
0.164470 1
0.076602 1
0.188509 1
0.075437 1
0.215719 1
0.316538 1
0.383983 11
0.004926 240
0.029249 1090
0.000014 865
0.000237 42
0.000029 71
0.003067 238
0.000171 69
14.837260 66
13.532544 29
0.595800 1
0.529370 7
0.147175 7
0.175463 7
0.171787 7
9.883590 3
0.145165 3
0.219724 3
0.229196 3
0.642214 11
0.004182 240
0.026401 1227
0.000023 728
0.000193 42
0.000051 71
0.002323 238
0.000313 8
0.000014 61
7.062280 1
0.170455 1
0.169225 1
0.134185 1
0.291762 1
0.191749 1
0.264716 1
0.108826 1
0.071814 1
0.198100 1
0.182191 1
0.780523 1
0.363811 4
0.200831 1
0.229553 1
0.161994 1
0.172741 1
0.273237 1
0.352592 11
0.004424 240
0.023777 18
0.000340 42
0.000078 62
0.003223 238
0.000118 8
0.000014 61
6.384079 16
0.568674 43
3.748419 29
1.008532 5
0.094987 5
0.099358 5
0.190820 5
3.760060 9
0.180677 5
1.055710 5
0.116677 5
0.988160 5
4.600444 5
0.096624 5
0.465421 9
0.273808 5
0.158928 5
0.141199 5
0.424071 9
0.089523 5
0.204389 5
0.057059 5
0.060563 5
0.188684 5
0.130250 5
0.081496 5
0.097613 5
0.159778 5
0.423384 5
0.839166 5
0.294400 5
2.340282 5
1.068659 5
1.112512 5
0.099030 5
0.295796 5
1.045733 87
0.360713 4
0.630180 4
0.040532 4
0.040071 4
0.040136 4
0.040428 4
0.040122 4
0.039703 4
0.040055 4
0.039689 4
0.040522 4
0.039309 4
0.040470 4
0.039504 4
0.040133 4
0.040324 4
0.192640 4
0.160011 4
1.091211 1
0.870560 1
0.147954 1
0.153916 1
0.062068 1
0.086495 1
0.163122 1
0.379745 2
0.000020 9
0.004002 240
0.080447 733
0.058711 1220
0.057249 1220
0.000444 42
0.000046 62
0.003066 238
0.000174 69
148.316993 1
0.044715 1
0.082466 1
0.094387 1
0.119641 1
0.117161 11
0.004193 240
0.001454 11
0.000189 42
0.000013 62
0.002502 238
0.000258 69
0.615692 1
0.094066 1
0.108059 1
0.092541 1
0.081979 1
0.080759 1
0.405267 1
0.145147 1
0.074882 1
0.128620 11
0.003732 240
0.025504 84
0.000013 154
0.000008 68
0.000007 47
0.000008 78
0.000009 14
0.000303 42
0.000046 62
0.002516 238
0.000099 8
0.000014 61
5.244110 1
0.274327 1
0.189906 1
0.086437 1
0.094516 1
0.094796 1
0.155179 1
0.181435 1
0.256243 1
0.214245 1
0.293406 1
0.435483 1
3.528571 1
0.127929 1
1.563787 1
0.513839 1
1.827059 1
0.159902 1
0.546824 1
2.083393 1
0.494898 4
0.202686 1
1.550419 1
0.418368 1
0.076469 1
0.119422 1
0.167984 1
0.478945 1
0.102155 1
0.602749 11
0.004952 240
0.051844 30
0.000587 622
0.002487 42
0.000050 62
0.002567 238
0.000184 8
0.000016 61
12.518303 27
0.318263 1
0.140655 1
0.166007 1
0.117710 1
0.168011 1
0.128666 1
0.216332 1
0.410595 5
0.137460 5
0.131289 5
0.142011 5
0.166536 5
0.149647 5
0.131717 5
0.173474 5
1.133469 5
1.083072 5
0.303490 5
1.059427 5
1.347588 5
0.118147 5
1.975807 5
0.919641 5
1.598109 11
0.004206 240
0.049576 30
0.000372 622
0.002321 42
0.000041 62
0.003650 238
0.000165 8
0.000012 61
85.623173 1
0.054743 1
0.106912 1
0.154994 1
0.333504 4
0.121880 4
0.343966 1
0.048122 1
0.106235 1
0.095441 1
0.178495 1
0.163572 1
0.092544 1
0.119397 2
0.000017 9
0.004229 240
0.024186 35
0.000013 64
0.000008 16
0.000007 21
0.000007 7
0.000008 27
0.000008 35
0.000007 30
0.000008 42
0.000007 17
0.000007 15
0.000009 44
0.000007 20
0.000008 16
0.000007 54
0.000007 2
0.001662 42
0.000045 62
0.002979 238
0.000184 8
0.000011 61
0.756660 1
0.050238 1
0.147234 1
0.091111 1
0.092842 1
0.085448 1
0.364100 1
0.342353 1
0.234217 1
0.165599 1
0.586879 1
0.643827 1
3.056167 1
0.150409 1
0.166645 1
0.170764 1
0.397741 1
0.159467 1
0.141216 1
0.196530 1
0.183424 1
0.224924 1
0.091100 1
0.161042 1
0.284734 1
4.216026 1
0.105674 1
0.248526 1
0.115248 1
0.688156 11
0.004697 240
0.052475 124
0.001981 42
0.000047 73
0.002665 238
0.000114 8
0.000015 61
2.420769 29
0.442334 4
0.125598 4
0.133759 4
0.124211 4
0.143768 1
0.071129 1
0.231200 11
0.004247 240
0.048122 42
0.000042 62
0.002633 238
0.000108 8
0.000013 61
3.050064 27
0.439707 4
0.116998 4
2.769201 1
0.084358 1
0.072181 1
0.147446 1
0.111458 1
0.112244 1
0.151430 11
0.004222 240
0.038582 30
0.000442 622
0.002328 42
0.000041 62
0.002918 238
0.000147 8
0.000016 61
4.059218 1
0.285292 1
0.370037 1
0.030408 1
0.210397 1
0.130847 1
0.133195 1
0.234537 1
0.308611 1
0.082853 1
0.171195 1
1.135056 1
0.157220 1
0.144031 1
0.105898 1
0.111682 1
0.165439 1
1.700750 1
0.020631 1
0.142895 1
0.214920 1
0.141190 1
0.110551 1
0.093377 1
0.120430 1
0.100287 1
0.171627 1
0.455224 1
0.096006 1
0.101412 1
0.165189 1
0.435981 11
0.000165 42
0.000036 62
0.003538 238
0.000152 69
1.431908 1
0.061549 1
0.076441 1
0.103214 1
0.077238 1
0.072574 11
0.004361 240
0.001013 11
0.000203 42
0.000046 62
0.002897 238
0.000161 8
0.000024 61
1086.646722 1
0.385063 1
0.107871 1
0.463134 1
0.627614 1
0.060915 1
0.322202 11
0.004248 240
0.018308 76
0.000332 214
0.000011 268
0.000010 192
0.000009 277
0.000010 164
0.000017 280
0.000009 162
0.000009 162
0.000009 164
0.000009 176
0.000009 166
0.000010 82
0.000010 260
0.000010 164
0.000009 176
0.000010 84
0.000009 262
0.000009 164
0.000010 166
0.000009 177
0.000015 166
0.000009 258
0.000009 166
0.000010 82
0.000010 260
0.000009 164
0.000009 176
0.000009 166
0.000010 82
0.000010 176
0.000010 248
0.000010 98
0.000009 247
0.000010 83
0.000010 272
0.000009 181
0.000009 172
0.000010 81
0.000010 246
0.000009 81
0.000010 183
0.000009 173
0.000009 179
0.000010 173
0.000016 183
0.000010 356
0.000009 165
0.000009 173
0.000009 168
0.000010 84
0.000009 168
0.000010 192
0.000009 171
0.000009 178
0.000009 177
0.000010 178
0.000009 277
0.000016 176
0.000011 179
0.000010 176
0.000011 176
0.000010 176
0.000010 179
0.000010 91
0.000010 273
0.000009 183
0.000013 183
0.000009 173
0.000010 171
0.000010 182
0.000010 188
0.000009 182
0.000009 181
0.000009 216
0.000009 216
0.000009 108
0.000009 216
0.000009 216
0.000009 108
0.000010 287
0.000009 164
0.000009 172
0.000009 181
0.000010 182
0.000009 182
0.000010 91
0.000010 268
0.000009 182
0.000012 181
0.000009 179
0.000009 101
0.000010 265
0.000010 144
0.000010 247
0.000009 80
0.000009 205
0.000009 161
0.000009 161
0.000009 164
0.000009 186
0.000010 89
0.000009 263
0.000009 207
0.000010 183
0.000008 91
0.000009 218
0.000010 116
0.000010 286
0.000008 83
0.000009 234
0.000010 97
0.000009 196
0.000011 218
0.000010 196
0.000009 175
0.000009 229
0.000010 142
0.000009 175
0.000009 199
0.000010 112
0.000010 314
0.000009 179
0.000009 103
0.000008 226
0.000009 173
0.000009 144
0.000009 177
0.000009 253
0.000010 104
0.000010 206
0.000008 185
0.000009 89
0.000009 240
0.000009 93
0.000008 202
0.000012 101
0.000010 389
0.000009 144
0.000009 231
0.000009 185
0.000010 214
0.000010 99
0.000009 181
0.000009 219
0.000009 196
0.000009 90
0.000010 269
0.000010 112
0.000009 186
0.000009 209
0.000009 104
0.000009 220
0.000009 187
0.000010 87
0.000010 282
0.000008 91
0.000009 233
0.000009 142
0.000013 288
0.000009 280
0.000009 136
0.000009 286
0.000010 140
0.000015 276
0.000013 282
0.000010 239
0.000009 115
0.000010 252
0.000009 144
0.000009 144
0.000009 288
0.000009 144
0.000009 307
0.000010 193
0.000009 182
0.000009 144
0.000008 144
0.000013 288
0.000008 288
0.000009 89
0.000009 237
0.000010 111
0.000009 288
0.000009 180
0.000009 180
0.000010 90
0.000009 270
0.000009 180
0.000009 180
0.000009 144
0.000009 233
0.000008 111
0.000009 288
0.000009 90
0.000010 270
0.000009 90
0.000010 270
0.000009 180
0.000009 90
0.000013 262
0.000010 178
0.000008 183
0.000009 78
0.000009 265
0.000010 178
0.000019 272
0.000011 260
0.000009 183
0.000009 171
0.000010 89
0.000030 179
0.000007 283
0.000006 178
0.000007 186
0.000006 75
0.000528 42
0.000036 62
0.002538 238
0.000175 8
0.000010 61
46.974952 1
0.099685 1
0.083756 1
0.334210 1
0.149338 1
0.104565 1
0.154391 1
0.298351 1
0.095081 1
0.342683 1
1.934537 1
0.128853 1
0.124917 1
0.166026 1
0.100237 1
0.219525 1
0.419402 1
0.485762 1
0.073825 1
0.188990 1
0.146894 1
0.207078 1
0.152142 1
0.112047 1
0.170383 1
0.121138 1
0.069465 1
0.191048 1
0.395849 1
0.148394 1
0.068669 1
0.221467 1
0.223963 1
0.026506 1
0.182345 1
0.526142 11
0.004330 240
0.005312 8
0.002711 1030
0.000084 1033
0.000096 1031
0.000087 839
22.762556 273
0.000079 1031
0.000049 1031
0.000101 1031
0.000086 836
3.699627 4
0.000021 324
0.000117 1080
0.000019 32
3.493693 41
0.919229 11
0.001502 42
0.000065 62
0.003295 238
0.000131 69
116.375091 1
0.173081 1
0.376396 4
0.358188 1
0.234373 1
0.220293 1
0.183872 1
0.106898 1
0.172624 1
0.230721 1
0.085827 1
0.243312 1
1.792959 1
0.162058 1
0.122845 1
0.189378 1
0.580892 1
0.103284 1
0.480500 1
0.116153 1
0.088449 1
0.148781 1
0.118204 1
0.047095 1
0.070206 1
0.191158 11
0.005608 240
0.005014 8
0.010719 1037
0.000125 1030
0.000060 1029
0.000011 163
0.000042 31
6.445754 11
0.001515 42
0.000036 62
0.003487 238
0.000329 69
159.335168 66
122.033532 1
0.946739 1
0.222251 1
0.180963 1
0.215204 1
0.122857 1
0.186017 1
0.176583 1
0.095752 1
0.172923 1
0.134226 1
0.116294 1
0.096113 1
0.123482 1
0.317933 1
0.536218 1
0.094050 1
0.101962 1
0.164024 1
0.142699 1
0.229522 1
0.086363 1
0.223669 1
0.230414 1
0.338036 1
0.123408 1
0.191310 1
0.082010 1
0.497738 11
0.000180 42
0.000033 62
0.003808 238
0.000367 69
2.274299 1
0.105937 1
0.241837 1
0.334616 1
0.163772 1
0.104019 1
0.087747 11
0.003745 240
0.002313 63
0.000209 42
0.000018 62
0.003054 238
0.000211 69
11.502398 1
0.087837 1
0.163156 1
0.572217 1
0.130648 1
0.208348 1
0.855120 1
0.885818 1
0.177624 1
0.142933 1
0.948835 4
0.142365 4
0.142831 4
0.200936 4
0.416600 1
0.167897 1
1.149732 1
0.173231 1
0.152683 1
0.094641 1
0.107431 1
0.111710 1
0.168544 1
0.108720 1
0.155895 1
0.110635 1
0.077769 1
0.072966 1
0.175564 11
0.004446 240
0.019993 141
0.000156 385
0.000040 385
0.000231 95
0.000399 42
0.000045 62
0.002792 238
0.000109 8
0.000011 61
0.579335 1
0.083300 1
0.090623 1
0.170067 1
0.124759 1
0.238708 1
0.156385 1
0.452665 1
0.173029 1
0.166813 1
0.173249 1
0.080983 1
0.136488 1
0.127131 1
3.132099 1
0.100963 1
0.076282 1
0.086952 1
0.164056 1
0.433423 11
0.004440 240
0.020412 1916
0.000018 552
0.000182 94
0.000358 42
0.000046 62
0.002868 238
0.000156 8
0.000015 61
17.470992 1
0.554563 1
2.140954 1
0.347717 1
0.073148 1
0.261757 1
0.980744 1
0.092902 1
0.134508 1
1.554498 1
0.579740 1
2.656659 3
0.364872 3
0.729509 11
0.000148 42
0.000043 62
0.003008 238
0.000138 8
0.000012 61
55.773324 1
0.321568 1
0.310596 1
0.246332 1
0.114042 1
0.209564 11
0.004714 240
0.000895 4
0.000211 42
0.000032 62
0.002653 238
0.000232 8
0.000010 61
52.575160 1
0.081627 1
0.226007 1
0.260150 1
0.072670 1
1.974357 11
0.003845 240
0.005034 754
0.000069 720
0.000015 288
0.000013 364
0.000011 204
0.000012 215
0.000011 215
0.000011 223
0.000010 185
0.000020 288
0.000010 115
0.000236 42
0.000072 62
0.002804 238
0.000135 8
0.000011 61
282.724752 1
0.082348 1
0.078679 1
0.090934 1
0.049385 1
0.068625 1
0.382688 1
0.366267 1
0.201082 1
0.094725 1
0.194400 1
0.161974 1
0.176621 1
0.229594 1
0.316876 1
0.274312 1
0.263762 1
0.066733 1
0.128272 1
0.796442 4
0.140900 4
0.146343 4
0.142985 4
0.152885 4
0.171109 4
0.302839 1
0.102926 1
0.216661 1
0.139072 1
0.085402 1
0.186773 1
0.140777 1
0.204023 1
0.056418 1
0.083393 1
0.172305 11
0.004256 240
0.024328 44
0.000012 75
0.000008 24
0.000007 14
0.000007 20
0.000008 20
0.000007 25
0.000008 16
0.000007 27
0.000009 62
0.000007 5
0.000007 37
0.000009 12
0.000007 33
0.000008 24
0.000007 19
0.000007 35
0.000007 20
0.000008 20
0.000008 20
0.000007 20
0.000007 21
0.000007 19
0.000007 20
0.000007 26
0.000007 21
0.000007 28
0.000007 17
0.000008 16
0.000007 32
0.000007 23
0.000008 23
0.000008 20
0.000007 32
0.000007 17
0.000008 16
0.000007 16
0.000008 19
0.000007 20
0.000007 26
0.000008 17
0.000007 24
0.000009 25
0.000008 24
0.000007 16
0.000008 27
0.000007 30
0.000007 17
0.000007 20
0.000013 29
0.000009 16
0.000007 32
0.000007 19
0.000007 27
0.000007 20
0.000007 24
0.000007 17
0.000007 24
0.000007 16
0.000008 27
0.000007 33
0.000008 21
0.000007 13
0.000007 20
0.000007 17
0.000007 24
0.000007 24
0.000008 19
0.000007 30
0.000007 17
0.000007 20
0.000007 20
0.000008 25
0.000007 16
0.000006 19
0.000008 16
0.000007 38
0.000007 21
0.000007 28
0.000007 9
0.000007 31
0.000007 17
0.000008 23
0.000008 34
0.000007 13
0.000007 20
0.000007 17
0.000020 56
0.000006 19
0.000006 30
0.000007 16
0.000007 21
0.000006 21
0.000007 16
0.000009 24
0.000007 27
0.000006 12
0.000007 23
0.000302 42
0.000052 62
0.002436 238
0.000163 8
0.000016 61
24.886203 1
0.086141 1
0.165281 1
0.115954 1
0.397883 1
0.086527 1
0.462952 1
1.142175 1
0.171733 1
0.192054 1
0.162715 1
0.886471 1
0.499767 1
0.160622 1
0.199290 1
0.106066 1
0.196037 1
0.143181 1
0.112845 1
0.226851 1
0.212112 1
0.162544 1
0.077862 1
0.126351 1
0.203352 1
1.436993 1
0.500024 1
0.084051 1
0.525748 11
0.004632 240
0.146067 85
0.000168 1132
3.441624 1
1.260009 3
0.299533 1217
1.135220 2
0.002487 42
0.000078 62
0.003245 238
0.000163 8
0.000018 61
1.432489 1
0.093526 1
0.067477 1
0.098154 1
0.101062 1
0.118560 11
0.004526 240
0.001086 11
0.000204 42
0.000038 62
0.002834 238
0.000174 69
31.421741 5
1.353963 33
1.063423 11
0.004443 240
0.141575 85
0.000158 1183
5.002333 1268
5.000193 1268
5.001778 1268
5.000440 1268
4.115018 2
0.002506 42
0.000071 62
0.003064 238
0.000301 8
0.000011 61
0.295982 1
0.057789 1
0.373739 1
0.153444 1
0.128806 1
0.208510 11
0.004535 240
0.001007 11
0.000188 42
0.000025 62
0.002490 238
0.000162 69
4.631094 1
0.238959 1
0.368488 1
0.298065 1
0.081604 1
0.254959 1
0.164580 1
0.067273 1
0.169488 1
0.146015 1
0.107723 1
0.087048 1
0.064526 1
0.136272 1
0.916047 1
0.123816 1
0.175353 1
0.099879 1
1.400421 1
0.252582 1
0.091538 1
0.153955 1
0.184121 1
0.689128 11
0.000197 42
0.000083 62
0.003415 238
0.000197 69
0.369094 1
0.091768 1
0.114988 1
0.098349 1
0.086153 1
0.076251 1
0.220581 1
0.159765 1
0.402904 1
0.046006 1
0.324704 11
0.004746 240
0.002539 15
0.000149 42
0.000054 62
0.002895 238
0.000172 69
312.358449 1
0.132494 1
0.245344 1
0.167564 1
0.399265 4
0.156090 4
0.157573 4
0.209189 4
7.847539 1
0.087019 1
0.182450 1
0.090012 1
0.301314 1
0.145419 1
0.099412 1
0.133723 1
0.310765 1
0.146681 1
0.216914 1
0.164179 1
0.240809 1
0.098503 1
0.268941 11
0.005158 240
0.012073 52
0.000035 21
0.212574 4095
0.000022 2894
0.778185 148
0.000907 42
0.000050 73
0.003356 238
0.000252 69
6.975327 1
0.153530 1
0.637853 1
0.137996 1
0.174232 1
0.106620 1
0.173180 1
0.248018 1
0.573676 1
0.210387 1
0.161603 1
0.163300 1
0.235293 1
0.097654 1
0.463966 1
0.125019 1
0.261788 1
0.213739 1
0.145853 1
0.077417 1
0.150673 1
1.407783 1
0.114848 1
0.188035 1
0.092882 1
0.463615 11
0.000142 42
0.000039 73
0.003651 238
0.000176 69
184.069874 1
0.070521 1
0.205784 1
1.077553 1
0.125405 1
0.167670 1
0.153991 1
0.142201 1
0.135257 1
0.367720 1
0.152243 1
0.151690 1
0.067661 1
0.168863 1
0.712372 1
0.061175 11
0.003774 240
0.000101 30
0.000084 62
0.002386 226
0.000115 8
0.000014 49
2.524983 1
0.055127 1
0.054281 1
0.068560 1
0.086737 1
0.068323 11
0.004090 228
0.000764 11
0.000148 30
0.000034 62
0.002333 226
0.000193 8
0.000017 49
1.964956 1
0.080106 1
0.094872 1
0.136092 1
2.175132 1
0.080566 1
0.234970 1
0.364188 1
0.246895 1
0.326556 1
0.224759 1
0.519098 4
0.205238 1
0.101895 1
0.190671 1
0.263965 1
0.129706 1
0.218365 1
0.076562 1
0.529270 11
0.004439 228
0.041432 80
0.000315 65
0.003319 101
0.000387 4020
0.000015 1087
0.000011 7
2.061815 22
0.000031 94
0.337983 31
0.309107 29
0.092975 29
0.124885 29
0.086514 29
0.101196 29
0.072630 29
0.169152 29
0.257139 53
1.302891 47
0.584666 30
0.422164 53
0.532759 30
0.184590 30
0.182664 30
0.234216 30
0.056814 30
0.409001 30
0.152578 30
0.290638 53
0.186001 40
0.323525 29
0.342950 29
0.077572 29
0.149379 29
0.100936 29
0.123958 29
0.457343 29
0.165501 29
0.330136 30
0.266287 53
1.486951 30
0.488048 30
0.130203 30
0.490020 30
0.192559 30
0.172951 30
0.142170 30
0.189451 30
0.523977 55
1.680808 40
12.990371 29
0.144008 29
0.159707 46
0.160011 28
0.197526 29
0.138927 29
0.113899 29
0.156025 29
0.311444 31
0.176934 42
0.527158 35
0.792049 51
2.045559 33
0.565493 33
0.120140 33
0.356585 33
0.301640 33
0.391693 32
0.231992 33
0.173167 34
0.086818 33
0.459759 32
0.200579 33
0.083922 32
0.846153 33
0.188667 33
0.289808 42
0.224256 33
0.114829 45
0.164689 39
0.298990 33
0.038148 46
0.358887 38
0.673816 32
1.100108 33
0.140680 43
0.151902 41
0.782026 41
0.155804 41
0.306169 41
0.527815 41
0.296556 42
0.087743 41
0.114851 41
0.127090 41
0.240973 41
0.172179 41
0.272267 85
0.870129 42
0.299543 46
0.154608 42
0.240698 32
0.290978 32
0.157024 32
0.147358 32
0.627944 32
0.040863 31
0.040580 30
0.039787 185
0.040065 42
0.039916 42
0.933620 41
0.151967 41
0.146350 85
0.180459 94
1.345729 42
0.181436 46
0.349347 42
0.331821 32
0.578217 32
0.041006 32
0.040506 32
0.040027 32
0.039778 31
0.399549 30
0.440809 185
0.235541 46
0.158558 42
0.304040 32
0.105957 32
0.155755 32
0.162721 32
0.163178 32
0.175659 31
39.355042 33
0.038238 43
2.994026 32
0.258747 33
0.149935 33
0.460926 33
0.152948 33
0.061389 34
0.371921 61
2.587207 44
0.247765 33
1.071261 63
0.284312 33
0.121589 43
0.114509 41
0.454119 41
0.494569 41
0.119771 41
0.109756 42
0.264124 41
0.103197 41
0.127488 41
0.263969 41
0.203840 41
0.168209 74
0.251301 42
0.133597 45
0.175691 42
3.211538 33
0.128166 33
0.130532 33
0.089856 33
0.106204 33
0.285889 33
2.089778 34
0.380472 41
0.933592 41
0.133372 41
0.110718 41
0.403148 41
0.133566 41
0.164203 41
0.156414 41
0.098244 41
0.104666 42
0.680767 41
0.205253 41
0.142664 41
0.226506 41
2.217778 41
4.154903 42
0.144572 42
0.150710 42
0.151730 42
0.145863 42
0.150975 43
1.028731 42
1.199346 43
2.381402 42
0.949956 49
0.300112 47
0.418064 47
1.664943 41
0.288717 41
0.196169 41
0.166511 41
0.078430 41
0.202257 41
0.256203 42
0.575098 41
0.169148 41
0.441895 42
0.318582 42
0.268102 41
0.091907 41
0.303908 41
1.251250 42
9.200819 41
0.846503 41
0.117755 41
0.147337 41
0.186609 41
0.259038 41
0.195239 41
0.045718 42
0.116041 41
0.370383 41
0.202714 41
3.398646 47
0.185985 47
0.333982 41
1.305253 33
0.283929 33
0.153013 33
0.179854 34
0.212802 33
0.147289 33
0.085887 33
0.207013 33
0.064152 45
0.753364 50
0.966160 45
0.616764 65
0.235661 47
0.855490 63
0.970699 33
0.081879 33
0.131356 33
0.146965 33
0.151916 33
0.740301 33
0.291130 42
0.281716 50
0.700347 43
0.227602 63
0.457332 33
0.177721 33
0.109483 33
0.104586 33
0.139309 33
0.549614 33
0.247712 34
0.245319 41
0.380610 41
0.131159 41
0.141043 41
0.228953 41
0.136788 41
0.210166 41
0.183314 41
0.092206 41
0.291340 42
0.444027 41
0.168627 41
0.165028 41
0.171581 41
0.136247 41
0.331988 41
0.203941 41
0.326969 41
0.188513 41
1.948091 48
0.363892 47
0.512323 42
0.230847 47
0.416514 41
0.442574 55
1.666363 47
0.464338 32
0.289582 33
0.275873 33
0.190778 33
0.179131 33
0.106739 34
1.103885 33
0.938350 41
0.265811 50
0.980888 43
0.392892 65
0.745220 62
1.381399 49
1.567368 34
0.170914 34
0.489535 34
0.794545 48
3.506665 33
0.717807 35
1.368493 65
3.712808 34
0.243031 34
0.270941 34
0.096080 34
0.273664 34
0.641614 34
3.013305 35
0.324422 42
1.611257 42
0.151211 42
0.194936 42
0.198584 42
0.177281 42
0.116393 42
0.217000 42
1.162404 42
0.116414 43
0.642895 42
1.834767 42
0.386298 50
1.076899 48
0.429876 48
0.201387 42
0.194135 42
0.218005 42
0.244295 42
0.367443 43
0.747473 42
0.593117 42
0.313364 50
0.181094 48
0.138817 48
1.528662 48
0.231539 48
0.792028 42
1.019426 34
2.916421 35
0.834014 34
0.131401 34
0.876752 34
0.717573 34
0.207955 34
0.300663 34
0.678158 34
0.215799 34
0.139207 34
0.866017 35
0.112647 46
0.893270 67
0.563430 49
0.568921 65
11.801425 34
0.086145 34
0.098127 34
0.109847 34
0.106019 34
0.216775 34
0.260771 35
0.198230 42
0.882072 42
0.121627 42
0.232126 42
0.256668 42
0.208024 42
0.138197 42
0.184454 42
0.572117 42
0.092339 43
0.732625 42
0.597388 42
0.087915 42
0.219715 42
0.442692 42
0.207894 42
0.560865 42
0.210824 42
0.235336 42
0.236920 43
0.231496 42
0.100764 42
0.272891 42
0.200090 42
0.080563 42
0.191169 42
0.449303 42
0.161534 57
1.185820 53
0.261854 44
0.238832 48
0.325332 48
0.599953 42
0.225320 58
1.154289 49
0.418353 65
0.560271 34
0.095567 34
0.157218 34
0.160766 34
0.124144 50
0.274695 34
0.365147 43
0.411412 51
1.185494 42
0.296054 34
0.104135 34
0.103605 34
0.162273 34
0.121114 34
0.250937 34
0.189438 42
0.321056 52
0.196408 44
0.428307 65
4.748198 34
0.373400 44
0.528312 59
3.185968 32
0.178003 31
0.283456 185
20.631030 30
0.164901 30
0.135323 30
0.150396 36
0.152290 36
0.151463 29
0.157721 29
0.164546 29
0.164670 64
0.176452 44
0.145162 32
0.153012 32
0.539212 77
0.333270 38
0.166139 32
0.204141 56
1.006610 59
1.495794 72
0.452598 41
0.141549 32
0.158439 55
0.363471 59
0.712961 33
0.131938 28
0.154243 28
0.186331 28
0.250741 36
0.489353 33
0.316433 36
0.499155 37
0.074287 46
0.395941 36
1.139693 50
0.942314 50
0.177758 50
0.076406 50
0.410544 50
0.191049 50
0.486912 50
0.407709 59
0.472927 58
4.369648 50
0.138718 35
0.172713 35
0.178983 29
0.294232 59
0.567770 42
0.294104 33
0.130811 43
0.129253 41
0.247697 41
0.172914 41
0.099510 42
0.168942 41
0.222722 41
0.154216 41
0.784320 42
0.285435 42
0.398622 41
0.141237 41
0.214041 41
0.403738 41
2.550463 35
0.212873 35
0.164437 35
0.197375 35
0.172019 37
0.200960 36
0.281802 30
0.276180 52
0.274902 43
1.406008 63
0.499200 50
0.315580 34
0.130393 34
0.231124 34
0.212919 48
0.629651 33
0.293099 35
0.196779 44
0.361192 47
0.141366 45
0.394632 35
0.369835 33
0.200401 34
0.131093 44
0.693601 42
0.247752 42
0.173041 42
0.097354 42
0.242883 42
0.624538 42
0.641319 43
0.137967 42
0.429787 44
0.112431 45
0.144014 44
0.237962 42
0.283980 43
0.481805 42
0.439602 77
0.521272 44
0.122656 47
0.179265 44
0.246332 33
0.554466 32
0.599995 33
2.805558 34
0.464580 34
0.258897 34
0.170458 34
0.169478 34
0.106747 34
0.925772 35
0.276514 42
3.033699 42
0.149204 42
0.652067 44
0.346519 42
0.134758 42
0.181757 42
0.315861 42
0.260070 42
0.190093 42
0.118649 42
0.231001 43
0.129894 42
1.413912 42
0.141266 42
0.262722 42
0.243289 42
0.223940 42
0.169522 42
0.269411 42
0.086580 42
0.144695 43
0.340008 48
0.544954 48
0.416126 42
0.208671 57
0.986778 49
0.324534 33
2.583566 34
0.127432 34
0.218978 34
0.085561 35
0.107653 34
0.153436 52
0.165448 33
0.917324 42
0.101312 34
2.980639 65
0.388511 63
0.527087 71
1.580939 34
0.132152 34
0.216825 34
0.119138 34
0.130086 34
0.260271 52
0.337886 33
0.896524 43
0.228420 34
0.413637 33
0.476961 33
1.389873 55
0.644416 56
0.763699 29
0.610821 45
0.286616 33
0.484584 33
0.294496 34
0.140535 44
0.210936 42
0.349841 42
0.119804 42
0.514418 42
0.527210 42
0.157136 43
0.189805 42
0.168812 42
0.539286 42
0.296115 42
0.229699 42
0.205138 42
0.117101 42
0.175416 42
0.325582 42
0.499869 43
13.101679 43
0.100655 19
0.000119 42
0.467816 50
0.496713 1
0.081481 1
0.510302 1
0.000017 20
0.000136 15
0.003138 42
0.000468 16
0.000011 54
0.001358 30
0.000037 62
0.003129 226
0.000300 8
0.000017 49
1.645358 1
0.079394 1
0.063181 11
0.004692 228
0.001259 52
0.000233 30
0.000014 62
0.002736 226
0.000108 57
80.441178 1
0.119491 1
0.099280 1
0.283001 1
0.208315 1
0.315248 1
0.165704 11
0.004811 228
0.018962 76
0.000372 394
0.000018 721
0.000017 442
0.000015 424
0.000014 424
0.000016 424
0.000016 424
0.000028 429
0.000013 926
0.000014 424
0.000015 346
0.000015 588
0.000014 265
0.000013 448
0.000014 486
0.000019 447
0.000012 524
0.000015 354
0.000015 344
0.000013 598
0.000012 273
0.000014 355
0.000011 448
0.000014 443
0.000015 446
0.000017 456
0.000013 615
0.000016 282
0.000015 687
0.000015 324
0.000013 637
0.000015 328
0.000014 453
0.000015 455
0.000018 268
0.000017 637
0.000015 655
0.000012 432
0.000012 439
0.000013 263
0.000014 481
0.000013 531
0.000014 406
0.000015 511
0.000009 371
0.000009 229
0.000010 428
0.000009 429
0.000008 172
0.000009 339
0.000009 255
0.000008 321
0.000008 253
0.000009 310
0.000008 185
0.000010 185
0.000012 439
0.000009 490
0.000008 288
0.000009 272
0.000008 214
0.000009 280
0.000010 219
0.000008 374
0.000008 293
0.000010 186
0.000009 313
0.000009 407
0.000009 184
0.000008 276
0.000014 375
0.000017 288
0.000012 416
0.000009 426
0.000010 420
0.000010 377
0.000009 223
0.000008 288
0.000009 288
0.000008 432
0.000008 280
0.000008 165
0.000021 231
0.000009 813
0.000010 255
0.000009 468
0.000009 180
0.000009 360
0.000009 360
0.000008 233
0.000009 255
0.000009 378
0.000008 270
0.000009 270
0.000009 180
0.000013 359
0.000008 351
0.000008 178
0.000008 272
0.000009 257
0.000010 350
0.000009 162
0.000008 277
0.000009 268
0.000009 266
0.000009 267
0.000010 368
0.000008 171
0.000008 268
0.000007 75
0.000466 30
0.000056 62
0.003144 226
0.000129 8
0.000015 49
130.231625 1
0.088124 1
0.105172 1
0.138431 1
0.124412 1
0.295791 1
0.170894 1
0.182598 1
0.499230 1
0.119946 1
1.076440 2
0.000015 9
0.004603 228
0.009597 30
0.000061 62
0.002483 226
0.000157 57
2.333704 1
0.076667 1
0.103681 1
0.106372 1
0.177017 1
0.076280 1
0.154066 1
0.126106 1
0.121009 1
0.085708 1
1.880105 1
0.177350 1
0.269296 1
0.441118 1
1.974970 1
1.939248 1
0.768293 3
0.521971 4
1.030316 1
0.241376 1
0.636546 4
0.125928 4
0.344121 4
1.179876 1
0.390895 1
0.499926 1
0.950827 4
0.515592 3
1.367031 3
0.808784 1
0.695708 11
0.004595 228
0.010177 37
0.001820 171
0.000321 30
0.000072 62
0.002580 226
0.000195 8
0.000015 49
313.771041 36
0.395034 36
0.470296 20
0.450624 12
0.557739 19
1.049425 11
0.004046 228
0.013388 80
0.000423 63
0.002091 101
0.001219 2035
0.000023 1540
0.000016 7
0.815123 26
0.000654 73
1.077664 25
0.000550 67
0.972520 26
0.000842 73
0.984746 25
0.000487 67
1.183975 24
0.000024 103
0.769291 61
0.906285 53
0.623947 33
0.878008 34
0.712637 33
0.401257 46
0.341282 35
0.606798 35
0.519735 35
1.756870 43
0.100781 19
0.000099 42
1.220314 50
0.468720 1
0.945451 1
0.000025 106
0.000034 53
1.429837 24
0.000015 24
0.935149 1
0.073095 1
0.896329 1
0.000017 20
0.000032 15
0.022990 30
0.000488 15
0.000012 55
0.001147 30
0.000055 62
0.002719 226
0.000120 8
0.000013 49
680.684204 1
0.281697 1
0.122148 1
0.192740 1
0.188011 1
0.115709 1
0.157703 1
0.455947 1
0.260434 1
1.027860 1
0.210238 1
0.123948 1
0.306214 4
0.351867 4
0.244273 1
0.109029 1
0.358396 1
0.134151 1
0.475530 1
0.113636 1
0.124224 1
3.580112 11
0.005544 228
0.115723 30
0.000035 62
0.003140 226
0.000336 57
1.135281 1
0.084174 1
0.098188 11
0.004236 228
0.001084 75
0.000188 30
0.000030 62
0.002358 226
0.000166 8
0.000009 49
2.273789 1
0.020443 1
0.149045 1
0.192227 1
0.130617 1
0.391399 1
0.106698 1
0.086430 1
0.212630 1
0.462827 1
0.525497 1
0.105598 1
0.295169 1
0.205805 1
0.075325 1
0.325906 1
1.378929 4
1.796662 11
0.004448 228
0.001527 30
0.000041 62
0.002719 226
0.000169 8
0.000019 49
1.941483 1
0.088532 1
0.254932 1
0.168079 1
0.109056 1
0.201834 1
1.267995 1
3.193578 1
0.345674 1
0.512221 4
0.146341 1
0.899242 1
0.928866 1
0.139239 1
0.123716 1
1.203065 4
0.156859 4
0.210303 1
0.807881 1
0.166491 1
0.230598 1
0.364830 1
0.585898 1
0.428190 17
0.226755 5
0.086772 5
0.100286 5
0.101584 5
0.290172 5
1.491202 11
0.004193 228
0.123797 19
3.103316 2
0.353291 231
0.002094 45
0.001519 30
0.000049 62
0.002513 226
0.000138 8
0.000011 49
0.433179 1
0.090098 1
0.113260 1
0.064016 1
0.085109 1
0.533303 1
0.085391 1
0.182428 1
0.089581 1
0.102880 1
1.040434 1
2.058435 1
0.330092 1
0.784483 1
0.299986 1
0.253377 4
0.219354 1
0.089758 1
0.225126 1
0.239198 1
0.094467 1
0.298361 2
0.000018 9
0.004884 228
0.039053 231
0.004442 45
0.001491 30
0.000041 62
0.002422 226
0.000115 8
0.000012 49
0.377913 1
0.099433 1
0.067769 1
0.133038 1
0.146856 1
0.088788 1
0.164369 11
0.004011 228
0.002567 143
0.000022 264
0.000251 30
0.000016 62
0.002470 226
0.000152 8
0.000010 49
3.197658 6
0.374814 1
0.568630 24
0.293561 1
0.137028 1
0.628757 1
0.042069 1
0.039668 1
0.039899 1
0.139147 1
0.163658 1
1.063777 4
1.775175 5
0.216034 5
0.399325 5
0.619478 11
0.004387 228
0.289070 232
0.002373 45
0.001290 30
0.000038 62
0.002524 226
0.000132 8
0.000018 49
0.454676 21
0.153443 30
0.631494 11
0.005154 228
0.002944 147
0.000017 272
0.000281 30
0.000090 62
0.002609 226
0.000181 57
7.943826 1
0.062247 1
0.097469 1
0.049183 1
0.083235 1
0.295547 1
0.076220 1
0.216966 1
0.242650 1
0.068140 1
0.640833 1
3.488815 1
1.891617 1
1.148130 1
0.640897 11
0.004907 228
0.293551 232
0.001857 97
0.000218 45
0.001415 30
0.000047 71
0.002541 226
0.000238 8
0.000011 49
1.273803 14
0.317553 1
0.394677 1
0.229864 1
0.102349 1
0.190974 1
0.201989 1
0.238389 1
0.436475 11
0.004365 228
0.031299 232
0.002508 45
0.001751 30
0.000065 62
0.003193 226
0.000113 8
0.000008 49
0.564865 1
0.069595 1
0.107328 11
0.003690 228
0.001049 76
0.000237 30
0.000059 62
0.002897 226
0.000108 8
0.000012 49
0.617121 1
0.065451 1
0.098619 1
0.114803 1
0.137606 1
0.107294 1
0.192861 11
0.004635 228
0.002657 419
0.000298 30
0.000039 62
0.003094 226
0.000113 57
46.934145 1
0.064180 1
0.129341 1
0.122904 1
0.060232 1
0.084848 1
0.250096 1
0.327086 1
0.062392 1
1.284873 1
1.270986 1
0.076301 1
0.198062 1
0.097508 1
0.788823 1
4.956774 1
0.447444 1
0.122509 1
0.221455 1
0.182375 1
0.092334 1
0.276478 4
0.054267 1
0.217932 1
0.122600 1
1.145149 1
0.138345 1
0.196012 1
0.241708 1
0.178436 1
1.261467 1
0.166442 1
0.733716 1
0.725910 1
0.138286 1
0.471436 4
0.164468 1
0.190779 1
0.076584 1
0.131244 1
1.277714 1
0.338157 1
0.227587 1
0.196116 1
0.134593 1
0.259038 1
0.471557 1
0.052996 1
0.166225 1
0.101014 1
0.356108 1
0.445912 1
0.369863 1
0.108735 1
0.138245 1
0.129013 1
0.095462 1
0.291372 1
0.481353 1
1.342026 11
0.005547 228
0.017571 63
0.000283 30
0.000060 62
0.002971 226
0.000247 8
0.000016 49
4.142007 1
0.069766 1
1.058785 55
0.099350 1
0.590773 1
0.041840 1
0.040130 1
0.040068 1
0.039664 1
0.039656 1
0.040120 1
0.040323 1
0.039644 1
0.039757 1
0.039673 1
0.040643 1
0.039603 1
0.040264 1
0.039530 1
0.040637 1
0.039664 1
0.040803 1
0.039201 1
0.040646 1
0.039489 1
0.040250 1
0.039771 1
0.040277 1
0.039401 1
0.040720 1
0.039722 1
0.041312 1
0.038175 1
0.260394 1
0.138941 1
0.354981 5
0.570226 5
0.039910 5
0.039812 5
0.040545 5
0.039548 5
0.040330 5
0.039665 5
0.040893 5
0.039740 5
0.039686 5
0.203190 5
0.153017 5
0.368796 5
0.638119 5
0.214644 5
0.308831 5
0.178781 5
0.079787 5
0.465243 96
0.683415 4
0.630685 4
0.039545 4
0.039360 4
0.039575 4
0.040462 4
0.040211 4
0.039836 4
0.040465 4
0.170724 4
0.143740 4
0.148425 4
0.249230 4
0.143379 1
0.427419 1
0.092048 1
0.164557 1
0.183930 1
0.131342 1
0.795507 2
0.000032 9
0.004524 228
0.013538 56
0.000238 30
0.000052 62
0.002422 226
0.000110 8
0.000012 49
20.263644 1
0.096017 1
0.134283 1
0.118272 1
0.054724 1
0.070664 1
0.335844 1
0.950407 1
0.188045 1
0.617062 1
0.805155 1
0.396643 1
0.245362 1
1.005109 4
1.261802 1
0.224317 1
0.252698 1
0.157529 1
0.250653 1
0.148550 1
0.102978 1
0.211943 1
0.092804 1
0.141369 1
0.079844 1
0.133945 1
0.178461 1
0.312117 1
0.026333 1
0.483587 11
0.004553 228
0.053945 30
0.000030 62
0.002470 226
0.000111 8
0.000020 49
1.897884 27
0.203099 1
0.616804 1
0.040901 1
0.040463 1
0.039581 1
0.041347 1
0.039172 1
0.039626 1
0.040445 1
0.039803 1
0.189990 1
0.166688 1
0.156152 1
0.157973 1
0.181454 1
0.591805 5
0.670064 5
0.070765 5
0.301327 5
0.287553 11
0.004216 228
0.051950 8
1.335487 1
0.038052 1
0.379042 2
0.004592 548
6.219109 1
0.187690 1
0.096308 1
0.303985 2
0.102068 1175
0.000020 101
0.000059 101
3.653832 2
0.000252 8
5.865731 1
0.277435 1
0.177444 1
0.173525 1
0.164244 1
0.237784 1
0.625460 2
0.000055 11
0.254686 1
0.080634 1
0.099586 2
0.000824 42
0.000123 11
1.067742 1
0.104676 1
0.163598 1
0.109705 1
0.475833 1
0.119921 1
0.434620 29
0.421035 2
0.000934 498
0.000119 11
6.549474 1
0.093803 1
0.061415 1
0.116636 1
0.128367 1
0.105496 1
0.182887 2
0.000636 10
0.000061 141
0.000248 156
0.000064 11
13.485920 1
0.069302 1
0.831623 1
0.138790 1
0.103414 1
0.478163 1
1.685068 1
0.151603 1
0.872949 1
0.621567 1
0.351632 1
0.676045 1
1.533372 1
0.979428 1
2.057711 1
1.341715 1
0.201804 1
0.135547 1
0.203877 1
0.146442 1
0.117513 1
0.258054 2
0.000940 11
3.791017 1
0.083547 1
0.213365 1
0.114059 1
0.148749 1
0.357605 1
0.439026 1
0.534100 1
0.125735 1
0.213487 1
0.306429 1
0.156799 1
0.263934 1
0.251734 1
0.126860 1
0.176367 1
0.109081 1
0.101074 1
0.108814 2
0.000698 11
0.204963 1
0.073625 1
0.091412 2
0.000556 41
0.000095 11
0.898187 1
0.076778 1
0.077799 1
0.133529 1
0.011072 1
0.439963 4
0.225771 1
0.077228 1
0.211008 2
0.000756 10
0.000100 141
0.000125 155
0.000173 11
2.205278 1
0.070997 1
0.249466 1
0.139541 1
0.052948 1
0.131632 1
0.501581 1
0.193661 1
0.273270 1
0.265708 1
0.217595 1
0.846468 1
0.198651 1
0.479152 1
0.490769 1
0.447416 1
0.266527 1
0.112318 1
0.150339 1
0.182484 1
0.117018 1
0.302476 2
0.000124 11
0.382894 1
0.072713 1
0.098457 2
0.000580 42
0.000071 11
0.580621 1
0.074473 1
0.086498 1
0.112388 1
0.103691 1
0.094187 1
0.163913 2
0.000807 10
0.000114 141
0.000090 156
0.000084 11
22.251506 1
0.167913 1
1.003486 1
0.361283 4
0.184791 1
0.062400 1
0.091100 1
0.211350 1
0.083205 1
0.180831 1
0.080748 1
0.222313 1
0.179257 4
0.129972 4
0.143281 4
0.148764 4
0.139851 4
0.307236 1
0.220556 1
0.192517 1
0.088310 1
0.150418 1
0.125328 1
0.724477 1
0.152759 1
0.107985 1
0.215157 1
0.087583 1
0.207197 1
0.205471 1
0.086024 1
14.013212 1
0.182520 1
0.167344 1
0.094294 1
0.492644 1
0.312625 1
0.098019 1
0.165988 1
0.104244 1
0.068894 1
0.109818 1
0.094182 1
0.160172 1
0.205857 1
0.087874 1
0.173624 1
0.118872 1
0.124040 2
0.000169 11
36.995442 1
0.710296 1
0.820762 1
0.266620 1
0.094473 1
0.209678 1
0.128782 1
0.096036 1
0.148415 1
0.817696 1
0.284883 2
0.000291 11
0.000154 25
4.071328 2
0.000015 43
0.000025 11
2.017604 1
0.454430 4
14.086791 1
0.084548 1
0.138641 2
0.000785 42
0.000123 11
0.972243 1
0.441985 1
0.755017 1
0.281162 1
0.225164 20
1.458436 1
0.300473 2
0.000360 11
0.000071 25
1.445416 1
1.137384 4
0.285044 1
0.078849 1
0.110642 2
0.000721 42
0.000137 54
17.880603 1
0.316699 1
0.685612 1
0.470507 4
0.196906 1
0.622538 20
5.762537 4
0.643016 1
23.426686 2
0.000360 25
0.000080 11
16.964619 1
0.323712 1
0.091995 1
0.133480 1
0.236267 1
0.903074 1
0.244309 1
0.106778 1
0.307805 1
0.111083 1
0.121734 1
0.311574 1
0.318538 1
0.832912 2
0.000311 11
0.000110 28
1.873452 2
0.000019 46
0.000057 11
1.098932 1
0.104095 1
0.104216 2
0.000941 42
0.000110 11
13.838082 1
0.060792 1
0.082863 1
0.128288 1
1.245587 1
0.224895 1
0.630035 1
0.190260 1
0.499938 1
0.253836 26
0.359150 2
0.001064 11
0.595444 1
0.145392 1
0.021295 2
0.000595 24
0.000074 11
2.187490 1
0.074099 1
0.172430 1
0.835754 1
0.722330 1
0.152562 1
0.145594 1
0.449492 4
0.130194 4
0.139216 4
0.200804 1
0.104415 1
0.098186 1
0.080818 1
0.141602 1
0.094978 1
0.408485 1
0.264988 1
0.148741 1
0.258426 1
0.171269 1
0.305292 1
0.184522 1
0.300386 1
0.827069 1
0.160441 1
0.153581 1
0.074149 1
0.123465 1
0.249819 1
0.138648 1
0.158138 1
0.156472 1
0.156571 1
0.138284 1
0.408508 1
0.176131 1
0.230011 1
0.168209 1
0.141000 1
0.277623 2
0.037140 81
0.350049 92
0.588267 6
0.077986 198
0.216504 183
0.057822 190
0.069202 149
0.016858 149
0.040659 149
0.037202 149
0.026497 149
0.069742 149
0.062756 149
0.037086 149
0.027488 149
0.021379 189
0.021116 340
0.009469 333
0.028598 185
0.034656 149
0.009396 149
0.056489 149
0.014785 186
0.026083 149
0.019252 149
0.000180 185
0.011422 185
0.048338 149
0.063420 149
0.020449 149
0.051421 149
0.052755 149
0.013056 149
0.059743 149
0.071346 149
0.040678 149
0.034883 149
0.047087 149
0.016005 149
0.058578 149
0.065972 149
0.027356 149
0.037798 149
0.058001 149
0.013366 149
0.063499 149
0.021499 149
0.053278 149
0.046149 149
0.036233 149
0.067008 149
0.064097 149
0.017462 149
0.062454 149
0.029380 149
0.036950 149
0.034766 149
0.021443 149
0.060015 149
0.012073 149
0.062590 149
0.034452 149
0.033675 149
0.059765 149
0.061312 149
0.020606 149
0.050330 149
0.044839 149
0.013345 149
0.057417 149
0.063456 149
0.029779 149
0.028737 149
0.049767 149
0.020000 149
0.068455 149
0.015667 149
0.045659 149
0.031769 149
0.027358 149
0.045701 149
0.013355 149
0.056975 149
0.015713 149
0.045563 149
0.029944 149
0.031159 149
0.050112 149
0.062320 149
0.013621 149
0.045167 149
0.052789 149
0.018659 149
0.073032 149
0.063242 149
0.029794 149
0.029386 149
0.038623 149
0.014336 149
0.063436 149
0.015838 149
0.040690 149
0.041927 149
0.046158 149
0.082290 149
0.084817 149
0.020649 149
0.056008 149
0.047326 149
0.013540 149
0.056232 149
0.076320 149
0.027773 149
0.031917 149
0.041829 149
0.031068 149
0.054946 149
0.058858 149
0.019247 149
0.044927 149
0.031743 149
0.034734 149
0.059989 149
0.053972 149
0.018821 149
0.054216 149
0.054251 149
0.015899 149
0.068363 149
0.066627 149
0.033621 149
0.028403 149
0.037863 149
0.013293 149
0.070845 149
0.015763 149
0.046769 149
0.032941 149
0.029047 149
0.058538 149
0.071498 149
0.015772 149
0.046593 149
0.045419 149
0.015284 149
0.062710 149
0.073657 149
0.032980 149
0.030287 149
0.043928 149
0.015762 149
0.056279 149
0.015018 149
0.037814 149
0.027874 149
0.034016 149
0.056481 149
0.065270 149
0.013606 149
0.061928 149
0.035271 149
0.027218 149
0.060534 149
0.063233 149
0.022825 149
0.058537 149
0.050310 149
0.013727 149
0.064063 149
0.068898 149
0.036251 149
0.040381 149
0.043187 149
0.015730 149
0.080370 149
0.021904 149
0.072389 149
0.021651 149
0.039861 149
0.061339 149
0.014736 149
0.060562 149
0.069658 149
0.028160 149
0.027615 149
0.041759 149
0.015141 149
0.064956 149
0.012566 149
0.044449 149
0.034215 149
0.032224 149
0.057118 149
0.066931 149
0.015166 149
0.043509 149
0.049514 149
0.018587 149
0.063935 149
0.056009 149
0.036955 149
0.031041 149
0.046102 149
0.012914 149
0.068673 149
0.057637 149
0.031225 149
0.038532 149
0.045708 149
0.013129 149
0.052918 149
0.010137 149
0.017247 190
0.047230 149
0.019682 149
0.045526 149
0.061716 149
0.064513 149
0.015425 149
0.038567 149
0.052310 149
0.015825 149
0.048951 193
0.014516 30
0.024970 11
4.710880 1
0.086774 1
0.453567 1
0.239205 1
0.127949 1
0.692304 1
0.650814 4
0.136608 4
0.149322 4
0.152866 4
0.150956 4
0.139729 4
0.168470 1
0.286804 1
0.150140 1
0.978657 1
0.919588 1
0.267506 1
1.066246 1
0.100817 1
0.198153 1
0.434448 1
0.271324 4
0.141164 4
0.154155 4
0.150399 4
1.355763 1
0.186731 1
0.154744 1
0.676575 4
0.124022 4
0.441269 4
0.575628 1
0.410036 29
4.683582 1
0.274705 1
0.480222 1
1.185881 1
0.316963 1
0.092560 1
0.123894 1
0.246379 1
0.087570 1
0.631398 2
0.028545 11
1.380112 1
0.072652 1
0.070909 1
0.129171 1
0.082058 1
0.093725 1
0.224871 2
0.000800 10
0.000055 141
0.000324 156
0.000136 11
7.704867 1
0.119988 1
0.277096 1
0.211414 1
0.092798 1
0.241628 1
0.239808 1
0.075439 1
0.397094 1
0.270947 1
0.298800 13
0.000224 87
3.000678 20
11.061515 1
0.068571 1
0.387388 4
0.132692 4
0.327513 2
0.000086 11
29.133523 1
0.169098 1
0.179633 1
0.093894 1
0.141017 2
0.004228 30
0.000062 62
0.003511 226
0.000258 8
0.000020 49
77.165649 1
4.876745 1
0.262996 1
0.765137 1
0.272757 1
0.252151 1
0.176799 1
0.517992 1
0.395489 8
0.204541 5
0.078719 5
0.113707 5
0.093674 5
0.056941 5
0.583251 24
1.275740 1
1.664362 1
0.187183 1
1.838316 1
0.137313 1
0.660884 1
0.232248 11
0.004092 228
0.123885 19
2.999372 2
0.314172 232
0.027643 45
0.001878 30
0.000062 62
0.002865 226
0.000211 8
0.000008 49
5.541433 19
2.106601 1
0.533521 3
3.193775 4
0.624222 4
1.473815 4
0.137079 4
0.138509 4
0.144472 4
0.141873 4
0.153347 4
0.146344 4
0.631904 4
0.038218 4
0.040521 4
0.039745 4
0.040248 4
0.039946 4
0.039998 4
0.039610 4
0.040078 4
0.040548 4
0.040071 1
0.039960 1
0.040642 1
0.039969 1
0.039694 1
7.439392 54
64.720315 1
0.083304 1
0.087460 1
0.082865 1
0.064954 1
0.265647 1
0.410118 1
0.314842 1
0.110986 1
0.509006 1
0.175813 1
0.128087 1
0.994044 1
0.104220 1
0.365499 1
0.170062 1
0.529263 1
0.133897 1
0.588558 1
0.197540 2
0.000020 9
0.004645 228
0.288279 232
0.001670 41
0.000207 45
0.001408 30
0.000052 71
0.002575 226
0.000266 8
0.000017 49
1.678434 19
0.138286 1
0.212350 1
0.156803 1
0.153913 1
0.154243 1
0.165200 1
0.153490 1
0.271374 5
0.104518 11
0.004686 228
0.027173 232
0.002027 45
0.001402 30
0.000055 62
0.002619 226
0.000112 8
0.000015 49
23.833286 1
0.095492 1
0.102251 1
0.107601 1
0.071655 1
0.059704 1
0.313788 1
0.185577 1
0.246174 1
0.130116 1
0.991997 1
1.189595 1
0.152071 1
0.223089 1
0.136050 1
0.275389 1
0.145340 1
0.185418 1
0.478816 1
0.091229 1
0.132071 1
0.116222 1
0.119943 1
0.531954 1
0.196918 1
0.835574 1
0.318988 1
1.425611 1
0.461021 1
0.053265 1
0.177317 1
0.253059 1
0.306675 1
0.243209 1
0.101141 1
0.230995 1
0.350328 1
0.130496 1
0.116725 1
0.158158 1
0.362225 1
0.176736 1
0.078890 1
0.121823 1
0.137277 1
0.309184 11
0.004403 228
0.022230 67
0.000017 81
0.000012 37
0.000011 30
0.000010 29
0.000011 38
0.000011 29
0.000010 26
0.000011 41
0.000011 30
0.000012 36
0.000012 20
0.000010 27
0.000010 21
0.000012 38
0.000010 28
0.000012 39
0.000010 37
0.000010 22
0.000011 28
0.000011 33
0.000011 22
0.000011 29
0.000017 18
0.000014 41
0.000017 46
0.000011 45
0.000010 22
0.000012 22
0.000012 23
0.000011 42
0.000010 18
0.000011 37
0.000010 28
0.000013 8
0.000282 30
0.000046 62
0.002598 226
0.000111 8
0.000008 49
23.991902 1
0.061050 1
0.297113 1
0.099249 1
0.055232 1
0.071852 1
0.171222 1
0.199871 1
0.177720 1
0.184282 1
0.755124 1
0.764752 1
0.430037 1
0.625480 1
0.066437 1
0.213158 1
0.639324 1
0.145799 1
0.187394 1
0.127095 1
0.190830 1
0.143931 1
0.099219 1
0.183768 1
0.174752 1
0.158528 1
0.075774 1
0.136587 1
0.527826 1
0.207945 1
0.055624 1
0.687895 11
0.004444 228
0.049864 8
2.705520 1
0.234071 1
0.153549 1
0.170196 1
0.120277 1
0.933297 1
0.597975 1
0.548074 1
0.111928 1
0.414008 1
0.275256 1
0.081890 1
0.384143 2
0.001438 8
7.399189 1
0.106745 1
0.206463 1
0.280205 4
0.181361 1
0.097622 1
0.146215 1
0.101215 1
0.063611 1
0.284279 1
0.100559 1
0.062061 1
0.102920 1
0.787027 1
0.125589 1
0.100677 1
0.215496 2
0.103110 1017
0.000023 260
0.000011 163
3.440433 2
0.000135 8
80.087522 1
0.718807 1
0.381764 1
0.358173 1
0.130493 1
0.153446 1
0.106383 1
0.308028 1
0.444602 1
0.319941 1
0.129074 1
0.098505 1
0.147505 1
0.146015 1
0.182896 1
0.148553 1
0.117636 1
0.715080 1
0.081739 1
0.178021 1
0.846999 2
0.000196 8
0.979674 28
0.129204 22
0.623224 2
0.102852 1176
0.000024 151
0.000012 102
0.000041 176
0.985486 2
0.000200 8
82.404978 1
0.110140 1
0.127890 1
0.182318 1
0.103347 1
0.154482 1
0.197652 1
0.225624 2
0.000166 8
52.335996 15
0.126070 22
1.212594 2
0.102569 1176
0.000022 253
0.000028 176
4.798174 2
0.000204 8
47.368300 1
0.189015 1
0.202867 1
0.189312 1
0.112847 1
0.097393 1
1.234393 1
0.095631 1
3.053771 4
0.395689 4
0.293674 4
0.124138 4
0.147153 4
0.150570 4
0.150149 4
0.157909 4
0.887853 1
0.348674 1
0.366822 4
0.136618 4
1.400546 1
0.117095 1
0.233704 1
0.481211 4
0.682435 1
0.177654 1
0.210881 2
0.000166 8
1.165035 12
0.226706 1
0.376048 1
0.465200 4
0.187948 1
2.459788 1
0.065470 1
0.118019 2
0.000100 37
0.920479 16
0.260165 4
0.191035 2
0.000024 8
19.333522 1
0.291177 1
0.118516 1
0.104930 1
0.251819 1
0.321230 1
0.342612 1
0.083338 1
0.158014 1
0.183714 1
0.083293 1
0.205496 2
0.000432 87
1.249332 2
0.000158 2
0.000063 8
0.676528 19
0.455640 1
0.396978 1
0.223685 2
0.000019 95
0.127533 2
0.000027 8
2.872535 20
0.781727 2
0.000131 8
5.392888 1
0.276137 4
0.166301 1
0.130038 1
0.105925 1
0.207001 1
0.111159 1
0.137007 1
0.198865 1
0.190096 2
0.000039 54
2.872624 1
0.179741 1
0.176884 1
0.151949 1
0.194581 1
1.930861 1
0.193381 1
0.221082 1
0.199213 1
0.055475 1
0.403682 1
0.997313 1
0.277651 1
1.088213 2
0.000190 8
13.646962 1
0.452493 1
0.408721 1
0.315612 1
0.132414 1
0.082623 1
0.148179 1
0.093059 1
0.261336 1
0.838918 1
0.158230 1
0.116828 1
0.182669 1
0.071821 1
0.101676 1
0.119343 1
0.171790 1
0.093548 1
0.126571 1
0.129950 1
0.144344 1
0.113631 1
0.010351 1
0.137524 2
0.001106 54
0.855617 31
0.279002 4
0.131011 4
0.142178 4
0.648902 1
0.202400 1
0.066036 1
0.154867 2
0.001414 8
1.068973 1
0.110382 1
0.388883 4
0.132045 4
5.645653 1
0.564351 4
4.685046 1
0.119226 1
0.106804 1
0.176309 1
0.097752 1
0.125941 1
0.181039 1
0.161451 2
0.000168 54
7.709629 1
0.529413 1
0.570604 1
0.515960 1
0.193393 1
0.550925 2
0.000085 13
0.000173 12
0.000047 8
0.233990 14
1.744400 13
0.143029 15
0.695063 2
0.000079 8
20.656379 1
0.099126 1
0.353706 1
0.419392 1
0.762348 2
0.003777 30
0.000040 62
0.003029 226
0.000178 8
0.000017 49
42.659496 1
0.168395 1
0.166748 1
0.074114 1
0.087533 11
0.004733 234
