0.047472 50
0.000259 33
0.003076 229
0.000321 60
8.726572 57
0.040443 57
0.040524 57
0.033861 57
0.022170 57
0.011090 57
0.008438 57
0.012714 57
0.017002 57
0.031154 57
0.015748 57
0.023663 57
0.016074 57
0.069909 57
0.035780 57
0.008416 57
0.013550 57
0.011467 57
0.013935 57
0.080394 57
0.017030 57
0.008531 57
0.008649 57
0.034149 57
0.091943 57
0.040428 57
12.660150 57
0.017823 57
0.008642 57
0.008373 57
0.008191 57
0.008228 57
0.008469 57
0.008119 57
0.008191 57
0.008185 57
0.012822 57
0.015934 57
0.015601 57
0.033550 57
0.008597 57
0.032049 57
0.007747 57
0.023197 57
0.008063 57
0.024144 57
0.015761 57
2.625603 57
0.876813 57
0.705011 57
21.992532 1
0.076917 1
0.097913 1
0.071695 1
0.037998 1
0.178423 1
0.058645 1
0.116216 1
0.101239 1
0.082361 1
0.073298 1
0.069491 1
0.172876 1
0.106248 1
0.174526 11
0.004284 231
0.122899 19
2.961228 2
0.321109 234
0.892383 115
0.000015 126
0.000018 77
0.000025 107
0.000018 26
0.000017 46
0.000016 100
0.000020 14
0.002500 45
0.002259 33
0.000066 62
0.003026 229
0.000130 8
0.000007 52
5.288991 1
0.187083 1
0.246152 1
0.110460 1
0.445673 1
0.628320 1
0.555616 1
0.363525 1
0.241381 1
0.091251 1
0.126982 1
0.092782 1
0.301768 11
0.004317 231
0.007936 24
0.000204 33
0.000040 62
0.002375 229
0.000249 8
0.000011 52
3.799665 1
0.093885 1
0.121429 1
0.114219 1
0.040354 1
0.075444 1
0.084355 1
0.154060 1
0.097393 1
0.125560 11
0.004340 231
0.029569 64
0.000016 125
0.000009 40
0.000009 67
0.000008 22
0.000010 63
0.000008 28
0.000008 32
0.000009 33
0.000009 47
0.000012 38
0.000017 50
0.000010 2
0.000312 33
0.000047 62
0.002547 229
0.000175 8
0.000014 52
1.103288 1
0.059368 1
0.037434 1
0.103551 1
0.110629 1
0.109082 11
0.004208 231
0.000780 11
0.000146 33
0.000015 62
0.002709 229
0.000134 8
0.000016 52
41.972454 1
0.124035 1
0.054901 1
4.703890 1
0.540141 1
0.205662 1
0.071706 1
0.167794 1
0.128998 1
0.111556 1
0.174976 1
0.087810 1
0.782750 1
0.071595 1
0.541875 4
0.109344 4
0.715865 1
0.047252 1
0.106703 1
0.067305 1
0.194159 1
0.147867 1
0.118132 1
0.307853 1
0.065825 1
0.122245 1
0.071868 1
2.724929 11
0.005081 231
0.164385 80
0.000516 71
0.014893 83
0.000686 7647
1.175237 22
0.000058 94
0.238155 43
0.160358 41
0.117787 41
0.298082 41
0.138199 41
0.117906 41
0.174483 41
0.201927 41
0.253003 78
1.131150 56
0.869271 41
0.112118 41
0.377907 49
0.189998 41
0.044181 41
0.195819 41
0.121708 41
0.347017 41
0.086803 43
0.205810 42
0.075711 42
0.202185 80
1.353268 58
0.485514 41
0.154591 41
0.106309 41
0.235146 41
0.222098 43
0.448772 78
0.306277 41
0.198743 42
0.180812 42
0.177603 42
0.221688 42
0.143054 42
0.162168 42
0.164915 42
0.081825 43
0.086454 42
0.162009 42
0.244253 42
0.183797 42
0.091550 42
0.198619 42
0.111749 42
0.119496 42
0.090959 42
0.247655 43
0.101026 42
0.324893 42
3.038811 42
0.175339 42
0.315934 97
1.096197 72
0.440198 42
0.203483 42
0.146827 42
0.176785 43
0.188179 42
1.214718 58
2.015398 41
0.242177 41
0.081873 41
0.175148 41
0.430794 43
0.316021 42
0.158954 42
0.342231 42
0.162122 42
0.344477 42
0.363641 42
0.199445 42
0.174987 42
0.110162 42
0.266892 88
0.275960 41
0.776135 42
0.427150 42
0.318995 42
0.422542 42
0.510299 42
0.158796 42
0.268383 42
0.183312 42
0.347546 43
0.106139 42
0.192350 42
0.102275 42
0.458484 58
1.055925 41
0.141325 41
0.099268 41
0.211356 41
0.185572 43
0.202858 78
0.191470 41
0.128545 56
1.021109 41
0.154026 50
0.973366 50
1.034017 50
0.135715 50
0.766341 50
0.359746 51
0.958824 50
0.569513 50
0.209490 50
0.247456 50
0.335870 50
0.646140 101
0.281515 85
0.140341 41
0.167019 101
0.400761 98
2.110388 41
0.080610 41
0.172313 41
0.186019 41
0.312152 43
0.138036 42
0.233636 42
0.921175 80
4.136324 60
1.199491 49
0.678014 40
0.172935 43
0.339384 42
0.208295 42
0.217523 42
0.273698 42
0.329094 42
0.122798 42
0.358651 42
0.264862 42
0.553170 42
0.098970 43
0.170016 42
0.132609 42
0.213078 42
0.182553 42
1.001718 42
0.534481 42
0.223981 42
0.361423 42
0.278974 42
0.887949 95
0.252931 69
0.215318 42
0.174267 42
0.188218 42
0.138206 42
1.059688 42
0.127487 42
0.298405 42
0.406281 42
0.234484 43
0.081795 42
0.153021 42
0.103699 42
0.112008 42
0.074751 42
0.195639 42
0.401292 42
0.121488 42
0.388140 42
0.096121 43
0.699057 60
0.390166 49
0.096469 40
1.433086 43
0.140494 42
0.093114 42
0.242934 42
0.159457 42
0.412078 42
0.077853 42
0.127996 42
0.109116 42
0.199154 42
0.223462 43
0.141656 42
0.239667 42
0.246105 42
0.544370 88
1.558034 63
0.893956 42
0.158633 42
0.252789 42
0.254696 42
1.676225 60
0.403145 40
1.138647 41
0.065058 41
0.222851 41
0.325445 41
0.075082 43
0.108064 42
0.300528 42
0.090350 42
0.309933 81
0.553227 41
0.784841 56
0.404307 41
0.142911 50
1.043556 50
0.300905 51
0.216555 50
0.283322 50
0.103261 50
0.191472 50
0.500658 50
0.177027 41
0.162005 101
0.400679 100
1.336682 42
0.109687 42
0.168797 42
0.215476 42
0.191529 44
0.142437 43
0.203006 43
0.333132 81
0.191167 42
0.208289 43
0.146272 43
0.141087 43
0.106204 43
0.193773 43
0.151721 44
0.168555 43
0.470268 43
0.194951 43
0.236954 43
0.270729 43
0.166372 43
0.427869 43
0.172767 43
0.961830 60
0.498540 57
0.243988 41
0.537871 41
2.630427 42
0.098059 42
0.165228 42
0.166873 42
0.305781 42
0.178297 42
0.239352 42
0.335365 76
1.637478 57
0.349654 42
0.145291 42
0.103304 42
0.240796 42
0.150990 42
0.241231 42
0.297841 51
0.475272 42
0.059809 44
0.178938 43
0.156427 43
0.586977 43
0.751850 43
0.149679 43
0.218183 43
0.119183 43
0.261514 86
0.302850 60
0.329785 57
0.252284 41
0.133596 41
0.994301 42
0.095733 42
0.260649 42
0.271209 42
0.148155 42
0.144948 42
0.272471 42
0.104503 42
0.253476 79
1.044169 58
1.006931 42
0.565202 42
0.382324 42
0.535816 42
0.095785 42
0.222473 42
0.323415 79
9.198046 42
0.342734 57
0.356986 42
0.442139 51
0.502186 51
0.197938 51
0.237063 51
0.151921 51
0.058372 51
0.183158 52
0.097980 51
0.247651 51
0.211747 51
0.685528 57
0.639545 42
0.188078 43
0.178864 43
0.157352 43
0.076416 57
0.223078 44
1.008588 42
0.310768 51
0.229147 51
0.113724 51
0.095900 51
0.121076 51
0.218199 51
0.598115 57
0.195171 42
0.194975 52
0.236902 51
0.385766 51
0.109557 51
0.328716 51
0.251623 51
0.123641 51
0.383383 51
0.353372 51
0.189986 51
0.332906 52
0.268229 51
0.132270 51
0.756517 51
0.303210 51
0.053075 51
0.186401 51
1.025661 51
1.076090 42
0.261602 103
1.114609 43
0.100481 19
0.001631 38
0.182954 50
0.257493 1
0.079853 1
230.540819 4095
0.000025 1953
404.149097 6346
2.397868 62
0.751113 24
0.000035 100
0.639504 74
1.342911 32
0.569326 33
0.039123 32
0.040699 31
0.039986 33
0.040400 78
0.040010 72
0.038715 32
0.040757 32
0.041167 77
0.039618 72
0.038806 32
0.040172 32
0.349131 32
0.660175 28
0.543642 126
0.414249 28
0.646560 49
0.189963 49
1.054488 49
0.170041 49
0.119549 49
0.055303 49
0.184539 49
2.101533 49
0.082386 51
0.112065 50
0.215363 50
0.078356 50
0.153124 50
0.109608 50
0.097610 50
0.400576 50
0.157727 50
0.139947 50
0.088125 51
0.140321 50
0.067181 50
0.104941 50
0.296998 50
0.173999 50
0.146582 50
0.064509 50
0.196664 50
0.161477 50
6.635662 51
0.202223 50
0.190413 50
0.208752 50
0.210756 50
0.177354 50
0.073388 50
0.131097 50
0.222409 50
0.109926 50
0.096608 51
1.000120 50
0.123121 50
0.087307 50
0.199324 50
0.064093 50
0.087299 50
0.209449 50
0.311023 50
0.326418 50
0.126646 51
0.171115 50
0.422644 50
0.251562 50
0.147643 50
0.181026 50
0.127808 50
0.112211 50
2.045944 50
0.176244 50
0.187701 51
0.357552 50
0.080790 50
0.199912 50
0.061962 50
0.384086 50
0.381549 50
2.700723 51
0.169647 51
1.688888 41
0.100529 18
0.000167 36
0.224238 49
0.235741 1
0.084019 1
323.939017 1
0.000020 20
0.000193 21
0.007437 42
0.000499 70
0.003087 33
0.000027 62
0.003051 229
0.000245 8
0.000016 52
1.958771 1
0.059699 1
0.121939 1
0.120680 1
0.049591 1
0.096763 1
0.105040 1
0.180573 1
0.082201 1
0.088628 1
0.148927 1
0.151861 1
0.122936 1
0.209040 1
0.113562 1
0.142820 1
1.152185 1
0.316048 1
3.594337 1
0.265967 1
0.098955 1
0.371953 1
0.177598 1
3.894646 17
0.673813 4
0.101062 4
7.942799 1
0.077262 1
0.129621 1
0.151816 1
0.084293 1
5.759353 1
0.420899 1
0.125795 1
0.130130 1
0.228362 1
0.474868 1
0.284608 1
0.107775 1
0.113323 1
0.094192 1
0.770935 2
0.000014 9
0.005550 231
0.140173 192
0.100606 196
0.099173 196
0.100728 196
0.099147 196
0.100600 196
0.099443 196
0.100715 196
0.099521 196
0.100544 196
0.099123 196
0.100664 196
0.099483 196
0.100448 196
0.099481 196
0.100496 26
0.000029 170
0.099527 196
0.100575 196
0.100200 196
0.099626 196
0.100454 196
0.099563 196
0.100459 196
0.099529 196
0.100224 196
0.099463 196
0.100503 196
0.099795 196
0.100428 196
0.099366 196
0.100385 196
0.099431 196
0.100745 196
0.099745 196
0.100163 196
0.099523 196
0.100449 196
0.099239 196
0.100834 196
0.099540 196
0.100127 196
0.099776 221
0.099914 26
0.000016 195
0.100265 221
0.100455 221
0.099416 221
0.099884 221
0.100213 26
0.000014 195
0.100168 221
0.099505 221
0.100640 26
0.000018 195
0.099637 26
0.000102 195
0.099443 26
0.000019 195
0.100501 221
0.100021 26
0.000016 195
0.099430 221
0.100626 26
0.000015 195
0.099706 26
0.000025 195
0.099876 26
0.000016 195
0.099884 26
0.000013 195
0.100720 221
0.099361 221
0.099991 221
0.100484 221
0.100138 26
0.000018 195
0.099121 26
0.000018 195
0.100781 221
0.099347 221
0.100504 221
0.099741 26
0.000015 195
0.099995 221
0.099948 26
0.000015 195
0.100242 221
0.100051 221
0.099326 26
0.000016 195
0.099971 27
0.000016 197
0.100861 27
0.000026 197
0.099626 224
0.099740 226
0.099853 27
0.000015 199
0.100448 27
0.000014 199
0.099407 27
0.000017 199
0.100244 226
0.100797 226
0.098920 226
0.100540 226
0.100291 226
0.099208 226
0.100961 226
0.099554 27
0.000015 199
0.100293 226
0.099530 226
0.099933 27
0.000023 199
0.100512 226
0.099825 27
0.000032 199
0.100222 226
0.099142 226
0.100171 27
0.000019 199
0.099754 27
0.000021 199
0.100575 27
0.000020 199
0.099598 226
0.100428 27
0.000023 199
0.099521 27
0.000019 199
0.099742 27
0.000019 199
0.100438 226
0.099601 226
0.099974 27
0.000014 199
0.100412 27
0.000017 199
0.099859 27
0.000017 199
0.100392 27
0.000018 199
0.099868 27
0.000018 199
0.099373 226
0.100025 27
0.000032 199
0.100861 27
0.000017 199
0.099547 27
0.000029 199
0.099840 226
0.099745 27
0.000020 199
0.100747 27
0.000018 199
0.100011 27
0.000037 199
0.099401 27
0.000019 199
0.100549 226
0.099241 27
0.000025 199
0.100427 27
0.000023 199
0.100334 27
0.000019 199
0.099212 27
0.000012 199
0.100497 27
0.000021 199
0.100256 226
0.099828 27
0.000018 199
0.099534 226
0.100493 226
0.099891 27
0.000027 199
0.100198 226
0.099303 226
0.100594 226
0.100022 27
0.000015 199
0.099298 226
0.100753 27
0.000014 199
0.099077 27
0.000020 199
0.100070 27
0.000016 199
0.100783 226
0.099482 226
0.100174 226
0.099950 226
0.099693 226
0.100740 27
0.000024 199
0.099126 27
0.000021 199
0.100098 226
0.100333 226
0.100412 27
0.000030 199
0.099685 27
0.000014 199
0.099482 27
0.000029 199
0.099875 27
0.000019 199
0.100374 226
0.100179 27
0.000015 199
0.099500 27
0.000014 199
0.100282 226
0.100505 27
0.000016 199
0.099980 27
0.000017 199
0.099820 27
0.000016 199
0.099507 226
0.099769 226
0.100878 226
0.099281 226
0.100507 226
0.100034 226
0.100391 226
0.099718 226
0.099126 27
0.000019 199
0.100629 226
0.099632 27
0.000015 199
0.100465 27
0.000019 199
0.099656 226
0.100159 226
0.100355 226
0.099256 28
0.000017 516
0.100499 544
0.099420 544
0.100641 544
0.100253 544
0.099478 544
0.100465 374
0.000026 170
0.099637 544
0.099409 544
0.100581 544
0.100212 544
0.099115 28
0.000018 516
0.100299 544
0.100479 544
0.100250 544
0.099578 544
0.100216 544
0.099403 544
0.100479 544
0.099454 544
0.100480 544
0.100441 544
0.099444 544
0.100457 544
0.099287 544
0.099849 544
0.100554 544
0.099428 544
0.100332 544
0.100361 201
0.000031 343
0.099437 544
0.100482 544
0.100780 544
0.099533 374
0.000020 170
0.099483 28
0.000048 516
0.099478 544
0.100255 544
0.100360 544
0.099372 544
0.100521 544
0.100345 544
0.099186 544
0.100509 538
0.000031 6
0.100361 544
0.099224 374
0.000021 170
0.100300 544
0.100458 544
0.099493 544
0.100267 544
0.099430 544
0.100430 544
0.100092 28
0.000015 516
0.100488 28
0.000017 516
0.025754 201
0.000022 352
0.004271 33
0.000067 62
0.003754 229
0.000220 8
0.000016 52
125.037365 57
0.039440 57
0.011845 57
0.020661 57
0.010391 57
0.010480 57
0.023255 57
0.033397 57
0.016461 57
0.016263 57
0.022491 57
0.054924 57
0.052656 57
0.015613 57
0.045004 57
0.091147 57
0.076854 57
0.150695 57
0.173992 57
0.184740 57
0.160202 57
1.950964 1
0.086921 1
0.062041 1
0.112480 1
0.146090 1
0.306657 11
0.004897 231
0.001040 11
0.000232 33
0.000091 62
0.003020 229
0.000295 8
0.000010 52
245.372152 57
0.000066 57
1.770146 57
2.179899 57
94.889611 57
1220.508582 1
0.274209 1
0.161251 1
0.203811 1
1.479000 1
0.140470 1
0.187706 1
0.193014 1
0.272229 1
0.497541 1
0.072572 1
0.549983 1
0.084106 1
0.279749 1
1.738152 1
0.108490 1
0.236412 1
0.219814 1
0.283643 1
0.094641 1
0.137551 1
0.179890 1
0.192349 1
0.601193 1
0.493614 1
0.543784 1
0.307891 1
0.078670 1
0.288843 1
0.308074 1
0.133827 1
0.168024 1
0.212137 1
0.424319 4
0.142766 4
0.167417 4
0.232205 4
0.294178 1
0.131424 1
0.199874 1
0.240748 1
0.168220 1
0.220950 1
0.152045 1
0.139283 1
0.304070 1
1.204267 1
0.374618 1
0.245328 1
0.294191 1
0.670798 42
0.403322 5
0.105526 5
0.147026 5
0.154283 5
0.434895 5
0.259039 5
0.210587 5
0.261422 11
0.005345 231
0.123330 19
3.259114 2
0.328816 234
0.037588 80
0.000724 78
0.000026 10
0.010335 83
0.002983 4095
0.000015 868
0.001869 4095
0.000017 988
5.743702 23
0.000097 43
0.236087 23
0.000106 39
0.630090 23
0.000159 39
0.041323 23
0.000186 39
0.040560 23
0.000180 39
0.039594 23
0.000105 39
0.040541 23
0.000159 39
0.039022 23
0.000124 39
0.040018 23
0.000143 46
0.040407 24
0.000124 41
0.039329 24
0.000130 41
0.040704 24
0.000159 41
0.039738 24
0.000163 41
0.038268 24
0.000131 41
0.040609 24
0.000135 41
0.239865 24
0.000140 41
0.157527 24
0.000116 41
0.175363 24
0.000155 41
0.169603 24
0.000181 42
0.251887 24
0.000134 41
0.437013 24
0.000931 82
1.093465 125
0.429016 45
0.394728 108
4.975610 54
0.625710 54
0.614029 54
0.314760 54
0.195388 54
0.221381 54
0.142301 54
0.176617 55
0.091987 54
0.613287 81
1.242750 46
0.141203 46
0.092522 46
0.112203 46
0.216411 46
0.274043 46
0.336637 46
0.079003 47
0.295872 45
1.429458 46
0.361787 46
0.263368 46
0.262329 46
0.290507 46
0.274161 46
1.068600 46
0.204159 46
0.200893 47
0.125119 46
0.211636 46
0.259544 46
0.727609 46
1.221269 45
0.349939 99
1.976760 138
9.459186 46
0.873047 46
0.302593 46
0.294153 46
0.535604 45
0.160390 46
0.193589 47
0.158454 46
0.183178 46
0.345147 46
0.374373 68
0.666856 67
0.152995 56
0.149603 56
0.162638 56
0.154893 57
0.164600 56
0.206485 45
0.390803 46
0.228940 46
0.196056 47
0.140446 46
0.302846 46
0.333932 46
0.131305 76
0.285345 45
0.961978 46
0.071886 56
0.108150 46
3.169700 45
0.631257 47
0.481453 46
0.185060 46
0.239317 46
0.324715 66
0.606958 45
0.346388 46
0.293614 46
0.666431 46
0.690147 60
0.224009 47
0.255516 58
0.207696 46
0.203300 58
0.290566 76
0.275029 46
0.771666 46
0.708942 56
0.639917 45
1.771258 46
0.174881 47
0.245300 46
0.288799 64
0.230637 45
0.548709 46
0.297502 46
0.178886 46
0.166730 46
0.784573 85
0.428938 87
5.770694 40
0.100429 18
0.000858 38
0.240900 47
0.300850 1
0.096066 1
0.802428 1
0.000102 20
0.000128 40
0.006758 30
0.000328 70
0.002145 45
0.002230 33
0.000089 62
0.003385 229
0.000275 8
0.000011 52
1.977273 1
0.088282 1
0.113166 1
0.119624 1
0.059598 1
0.074264 1
0.123593 1
0.294973 1
0.112250 1
0.160128 1
0.221111 1
0.191798 1
0.218095 1
0.253538 1
0.566223 1
0.176183 1
0.358201 1
0.262665 1
0.216499 1
0.119899 1
0.198580 1
0.076731 1
0.112273 1
0.281530 11
0.005086 231
0.418826 10
0.002002 33
0.000073 62
0.003634 229
0.000159 8
0.000008 52
55.844839 1
0.305975 1
0.067828 1
0.357208 1
0.199744 1
0.099410 1
0.094873 1
0.184995 1
0.153366 1
0.130491 1
0.186217 1
0.333975 1
1.589791 4
0.570288 4
0.040693 4
0.042110 4
0.039174 4
0.041391 4
0.039364 4
0.040108 4
0.039216 4
0.040665 4
0.039901 4
0.040604 4
0.486689 1
0.072121 1
0.088003 1
0.413449 1
0.523698 1
0.142456 1
0.133021 1
0.158583 1
0.212010 1
0.159752 1
0.086514 1
0.197288 1
0.099812 1
0.207099 1
0.181398 1
0.119193 1
0.105925 1
0.332740 1
0.198718 1
0.118033 1
0.120335 1
0.190966 1
0.146399 1
0.090622 1
1.797268 1
0.431039 1
0.121680 1
0.151284 1
0.440930 1
0.193083 1
0.231713 1
0.588128 1
1.286581 1
0.091475 1
0.115340 1
0.104394 1
0.199921 1
0.138587 1
0.258884 1
0.349273 4
0.230868 1
0.222098 1
0.133909 1
0.178786 1
0.068896 1
0.822064 11
0.005482 231
0.014857 80
0.000662 91
0.005149 83
0.000532 4095
0.000020 2481
4.794729 22
0.100402 55
0.555641 21
0.000016 24
0.334229 1
0.220394 1
0.000509 103
0.002419 33
0.000087 62
0.003271 229
0.000485 60
1.382616 1
0.101694 1
0.082245 1
0.355208 1
0.137687 1
0.147015 1
0.118008 1
0.236333 1
0.163658 1
0.108724 1
0.130534 1
0.102079 1
0.165516 11
0.004945 231
0.001112 64
0.000272 33
0.000070 62
0.003233 229
0.000198 8
0.000015 52
1.190728 12
0.919221 1
0.132781 1
0.136874 1
0.233231 1
0.330135 1
0.300565 1
0.090525 1
0.130342 1
0.259873 1
0.178841 1
0.493147 11
0.005539 231
0.001308 49
0.000028 52
0.000269 33
0.000072 71
0.002888 229
0.000141 8
0.000014 52
0.857773 22
0.216188 4
0.138731 4
0.144626 4
0.154870 4
0.152639 4
0.170566 4
0.183467 4
0.230342 1
0.284771 1
0.396975 6
0.428340 11
0.005620 231
0.001045 102
0.000262 33
0.000102 62
0.003234 229
0.000223 60
5.527262 1
0.073850 1
0.082793 1
0.076369 1
0.092910 1
0.086828 11
0.005023 231
0.000966 11
0.000276 33
0.000045 62
0.003058 229
0.000223 8
0.000018 52
0.309252 1
0.094945 1
0.063077 11
0.004828 231
0.001177 58
0.000256 33
0.000039 62
0.003240 229
0.000194 60
1.515559 1
0.116655 1
0.101926 1
0.268516 1
0.149254 1
0.080415 1
0.099393 1
0.051321 17
0.305216 11
0.004802 231
0.015504 80
0.000803 69
0.001817 65
0.000010 18
0.004432 4095
0.000023 1406
1.124406 24
0.000193 42
0.696020 23
0.000130 44
0.201879 24
0.000193 44
0.177105 24
0.000139 44
0.166815 24
0.000999 89
0.174581 24
0.000494 84
0.178898 24
0.000152 44
0.189245 24
0.000186 44
0.212498 24
0.001179 93
0.550024 25
0.000611 87
0.591389 23
0.000013 98
0.280424 30
0.854858 79
0.619313 41
3.609808 42
0.048572 42
0.178483 42
0.237338 42
0.142619 42
0.155179 42
0.160044 44
0.391949 79
0.806706 79
0.554021 42
0.184706 42
0.101022 42
0.198682 42
0.197081 44
0.282227 79
0.232178 42
0.167808 43
0.083607 43
0.179840 43
0.226691 43
0.134197 43
0.203402 43
0.161055 43
0.237772 44
0.218350 43
0.123412 43
0.191363 43
0.207409 43
0.122361 43
0.207970 43
0.148636 43
0.243513 92
0.199206 67
0.096327 44
0.181664 43
0.141991 43
0.186354 43
0.237479 43
0.268406 53
0.132323 53
0.154167 53
0.144669 53
0.144415 54
0.085606 44
0.189082 43
0.255090 43
0.343656 43
0.213585 43
0.233128 79
2.077226 42
0.166235 42
0.072070 42
0.204752 42
0.193357 44
0.233618 43
0.094064 43
0.098471 43
0.109135 43
0.184801 43
0.180835 43
0.092896 43
0.118111 43
0.086359 43
0.258639 89
0.145984 42
0.169917 43
0.234551 43
0.215850 43
0.329030 43
0.093078 43
0.180673 43
0.229105 43
0.120827 43
0.151921 44
0.074192 43
0.525391 79
1.072398 42
0.133591 42
0.109250 42
0.188440 42
0.183840 44
0.241798 79
0.196315 42
0.167827 57
0.644837 42
0.147367 140
0.619630 51
0.229627 51
0.135256 51
0.155534 51
0.171901 52
0.161388 51
0.244975 51
0.194944 51
0.153271 51
0.167771 51
0.190904 51
0.184768 269
0.552978 42
0.102259 103
0.399989 119
1.481978 42
0.090878 42
0.134498 42
0.154185 42
0.300430 44
0.117803 43
0.305809 43
1.741407 81
0.524352 79
0.332378 50
0.054307 41
1.151197 44
0.081186 43
0.353077 53
0.118569 52
0.191222 44
0.313705 43
0.384109 43
0.302493 43
0.693650 43
0.293196 79
0.317662 55
0.260861 43
0.114779 43
0.102427 43
0.233023 44
1.048072 43
0.279482 43
0.119362 43
0.118495 43
0.429651 43
0.232815 92
0.209607 67
0.137048 43
0.344218 79
0.357497 50
0.598998 41
0.252005 44
0.196779 43
0.108782 43
0.163318 43
0.555177 77
0.266760 53
0.493064 43
0.101314 43
0.086293 43
0.196058 43
0.122567 44
0.411323 43
0.100799 43
0.081981 43
0.284368 90
0.214713 65
0.174190 43
0.331147 79
0.314690 50
0.954231 44
0.109312 44
0.131192 43
0.164755 43
0.627653 53
0.132693 53
0.154769 52
0.165594 62
0.196550 41
0.381714 44
0.211201 43
0.156789 43
0.165108 43
0.119028 43
0.486966 43
0.126950 43
0.684206 43
0.223852 43
0.180648 43
0.101733 44
0.111009 43
0.107643 43
0.076614 43
0.089202 43
0.322573 43
0.309459 43
0.139663 43
0.423567 43
0.102414 43
0.430704 97
0.614190 71
0.138432 43
0.142841 43
0.138004 43
0.150966 43
0.430440 43
0.092772 43
0.169582 43
0.168302 43
0.135445 44
0.105178 43
0.100859 43
0.100373 43
0.079434 43
0.081601 43
0.158410 43
0.171256 43
0.092001 43
0.242375 43
0.275229 44
0.158942 117
0.176010 92
0.096295 43
0.477293 79
2.812033 41
0.350555 42
0.121715 42
0.540014 42
0.811611 42
0.273810 44
0.209001 43
0.163827 43
0.384107 81
0.333435 42
0.154686 57
1.074351 42
0.171247 140
0.376317 51
0.086622 51
0.108767 52
0.379048 51
0.313173 51
0.344475 51
0.504559 51
0.273068 51
0.277330 51
0.219978 51
0.154517 269
0.478835 42
0.119868 104
0.408431 119
1.954263 42
0.170881 42
0.322361 42
0.101049 42
0.134076 44
0.191290 43
0.165473 43
0.141579 43
0.223054 43
0.567613 43
0.162941 43
0.221542 43
0.667177 86
0.208592 42
0.143346 58
0.336188 140
0.383170 274
0.119911 42
0.140213 140
1.171264 51
0.379269 51
0.137049 51
2.115930 51
0.307682 51
0.494969 51
0.148449 51
0.115873 52
0.287680 51
0.321365 51
0.197564 51
0.499090 51
0.239134 53
0.161767 51
0.082447 51
0.083572 51
0.193814 51
0.363535 51
0.300769 51
0.136185 52
0.290955 51
1.171658 269
0.477913 42
0.388577 103
0.817535 119
1.460118 42
0.091505 42
0.171085 42
0.550509 51
0.168658 42
0.279657 42
0.175095 44
0.087483 43
0.518385 43
0.171933 43
0.271206 82
0.189578 42
0.155895 57
0.525506 42
0.222564 140
0.293390 51
0.171871 52
0.265111 51
0.798665 51
0.353304 51
0.188713 51
0.303730 269
0.163709 42
0.148174 103
0.944812 119
0.484980 42
0.087359 42
0.200723 42
0.214810 42
0.169281 44
0.159002 43
0.215064 43
0.272266 81
0.245227 42
0.194529 43
0.139442 43
0.157346 43
0.092136 43
0.200323 43
0.166277 44
0.278920 43
0.325731 53
0.660638 43
0.240203 43
0.154300 43
0.215876 43
0.148438 43
0.101411 43
0.089644 43
0.162407 43
0.892183 42
0.100488 18
0.000137 38
0.946309 48
0.161810 1
0.081754 1
62.197984 21
0.000017 21
0.006774 30
0.000429 70
0.002229 33
0.000096 62
0.005372 229
0.000161 8
0.000011 52
1.849175 1
0.944531 4
0.170430 1
0.088371 1
0.313035 1
0.109215 1
0.111198 1
0.101192 1
2.281816 1
3.325619 1
0.901997 4
0.875346 1
0.170002 1
0.161869 1
1.197976 1
0.473923 1
0.253146 1
0.202602 1
0.340158 1
2.421790 1
1.530700 1
0.238340 1
0.253449 1
2.864014 4
0.160140 4
0.172132 4
0.207453 4
0.462125 1
0.115096 1
0.505628 1
0.342504 1
0.237051 1
0.152663 1
0.165877 1
0.154047 1
0.142586 1
0.190324 1
0.119904 1
0.181517 1
0.707005 1
0.305010 1
0.071175 1
0.243861 1
0.149800 1
0.153617 1
0.257193 1
0.107091 1
0.155097 1
0.070523 1
0.482001 1
0.252857 1
0.282784 1
0.192835 1
0.167281 1
0.107295 1
0.359923 1
0.212080 1
0.078785 1
0.185339 1
0.211686 1
0.135792 1
0.209705 1
0.160944 1
0.313199 11
0.005253 231
0.143602 171
0.100378 175
0.099523 175
0.100614 175
0.101126 175
0.098558 175
0.100582 175
0.099265 175
0.100442 175
0.100305 175
0.099412 175
0.100507 175
0.099409 175
0.100611 175
0.099316 175
0.103279 175
0.096789 175
0.100407 175
0.099441 175
0.100490 175
0.099786 175
0.100454 175
0.099517 175
0.100755 175
0.099415 175
0.100809 175
0.098887 175
0.100494 175
0.099488 175
0.100508 175
0.100290 175
0.099603 175
0.099433 175
0.100601 175
0.099353 175
0.100577 175
0.100328 175
0.100009 26
0.000016 170
0.099505 196
0.100486 196
0.099070 196
0.100233 196
0.100307 196
0.100264 196
0.099930 196
0.100073 196
0.099993 196
0.099911 196
0.099470 26
0.000020 170
0.100414 196
0.099524 26
0.000016 170
0.099793 196
0.100976 26
0.000020 170
0.099238 196
0.100574 196
0.100151 196
0.099977 26
0.000017 170
0.099352 196
0.100254 26
0.000021 170
0.099483 196
0.100022 196
0.100845 196
0.099172 198
0.100940 198
0.099603 198
0.100226 198
0.099175 198
0.100380 198
0.100422 198
0.100092 198
0.099748 26
0.000021 172
0.099871 198
0.099404 26
0.000020 172
0.100814 26
0.000015 172
0.100330 198
0.099589 198
0.099991 198
0.099989 198
0.099600 198
0.100669 26
0.000017 172
0.099519 26
0.000021 172
0.099965 14
0.000018 184
0.100307 198
0.099989 198
0.099906 26
0.000016 172
0.099797 26
0.000042 172
0.099800 26
0.000015 172
0.100813 198
0.099539 198
0.100390 198
0.099233 198
0.100207 26
0.000023 172
0.100520 198
0.099108 26
0.000025 172
0.100619 198
0.099434 198
0.100462 198
0.099600 198
0.100506 26
0.000020 172
0.100324 198
0.099654 198
0.099926 26
0.000020 172
0.100147 198
0.099860 198
0.099664 26
0.000018 172
0.100360 26
0.000017 172
0.099420 26
0.000012 172
0.100901 198
0.098771 198
0.100455 198
0.099595 198
0.100775 26
0.000015 172
0.099515 26
0.000012 172
0.099744 198
0.100120 198
0.100374 26
0.000017 172
0.100433 198
0.099953 198
0.099492 198
0.100371 26
0.000017 172
0.099330 26
0.000014 172
0.100197 26
0.000016 172
0.100115 198
0.099667 26
0.000020 172
0.100238 26
0.000167 172
0.100325 198
0.099619 26
0.000014 172
0.099701 26
0.000026 172
0.099861 198
0.100908 198
0.099426 26
0.000023 172
0.100294 198
0.099140 26
0.000016 172
0.100607 198
0.100376 26
0.000021 172
0.099911 26
0.000016 172
0.099553 198
0.099657 198
0.100554 198
0.099974 198
0.100161 198
0.099140 26
0.000015 172
0.100744 26
0.000029 172
0.100043 198
0.100066 198
0.100063 26
0.000019 172
0.099047 26
0.000021 172
0.100087 26
0.000017 172
0.100561 26
0.000018 172
0.099272 26
0.000037 172
0.100596 26
0.000020 172
0.099937 26
0.000016 172
0.100010 26
0.000017 172
0.099926 198
0.099842 26
0.000018 172
0.100259 198
0.100165 198
0.099945 198
0.100060 26
0.000018 172
0.099962 26
0.000019 172
0.099630 198
0.099580 26
0.000019 172
0.100787 26
0.000019 172
0.099987 26
0.000021 172
0.099787 198
0.099882 26
0.000015 172
0.100308 26
0.000014 172
0.099633 198
0.100026 198
0.100384 26
0.000014 172
0.099880 26
0.000028 172
0.099694 198
0.100000 198
0.099913 26
0.000015 172
0.099848 26
0.000026 172
0.100447 198
0.100134 26
0.000018 172
0.099260 26
0.000015 172
0.100190 26
0.000017 172
0.100229 26
0.000018 172
0.099672 26
0.000016 172
0.100508 26
0.000023 172
0.100061 26
0.000017 172
0.099942 198
0.099608 26
0.000019 172
0.099985 26
0.000014 172
0.100186 26
0.000015 172
0.100498 198
0.099607 198
0.099417 26
0.000016 172
0.099834 26
0.000015 172
0.100468 26
0.000030 172
0.099382 26
0.000028 172
0.100524 26
0.000015 172
0.100208 198
0.100128 26
0.000014 172
0.099678 26
0.000015 172
0.099710 26
0.000016 172
0.100260 26
0.000016 172
0.100207 198
0.100001 26
0.000013 172
0.099678 26
0.000024 172
0.100373 26
0.000016 172
0.099191 198
0.100849 26
0.000011 172
0.099615 26
0.000015 172
0.099974 26
0.000016 172
0.099987 26
0.000011 172
0.100319 26
0.000016 172
0.099720 198
0.100097 26
0.000021 172
0.099395 26
0.000033 172
0.100188 26
0.000017 172
0.100450 26
0.000015 172
0.099686 26
0.000016 172
0.099427 26
0.000016 172
0.100948 26
0.000015 172
0.099258 26
0.000014 172
0.100448 198
0.099811 26
0.000014 172
0.100305 26
0.000028 172
0.099848 198
0.099832 26
0.000014 172
0.099690 26
0.000016 172
0.100571 198
0.100125 26
0.000014 172
0.099412 198
0.099596 26
0.000015 172
0.100784 198
0.100081 198
0.099669 26
0.000016 172
0.099691 198
0.100841 198
0.099119 198
0.100311 26
0.000016 172
0.100026 198
0.099859 198
0.100181 198
0.100053 198
0.099723 198
0.099852 198
0.100816 198
0.099679 198
0.100250 26
0.000017 172
0.099781 26
0.000016 172
0.099209 26
0.000016 172
0.100566 26
0.000018 172
0.099897 26
0.000016 172
0.100340 26
0.000015 172
0.100102 26
0.000015 172
0.099324 198
0.099677 26
0.000015 172
0.100908 26
0.000015 172
0.099727 26
0.000027 172
0.100043 26
0.000021 172
0.099390 26
0.000016 172
0.099826 26
0.000017 172
0.100142 198
0.100624 26
0.000039 172
0.099589 198
0.099873 26
0.000020 172
0.099938 26
0.000015 172
0.100447 26
0.002939 172
0.096990 198
0.100070 26
0.000015 172
0.099315 26
0.000015 172
0.100738 26
0.000031 172
0.099398 26
0.000012 172
0.100461 26
0.000016 172
0.100230 198
0.099800 26
0.000016 172
0.099925 26
0.000017 172
0.099985 26
0.000018 172
0.100143 198
0.099619 198
0.100388 26
0.000018 172
0.099644 26
0.000016 172
0.099879 198
0.100105 198
0.100390 198
0.100013 198
0.099791 26
0.000014 172
0.099727 26
0.000020 172
0.100361 26
0.000017 172
0.099835 26
0.000014 172
0.099558 26
0.000014 172
0.100792 198
0.099991 198
0.099683 26
0.000022 172
0.099498 198
0.100389 26
0.000019 172
0.100217 26
0.000015 166
0.000009 6
0.099931 26
0.000015 172
0.099749 26
0.000018 172
0.100165 26
0.000029 172
0.099455 198
0.100446 26
0.000016 172
0.099893 198
0.100344 198
0.099429 26
0.000017 172
0.100123 26
0.000013 172
0.099848 26
0.000015 172
0.100243 26
0.000016 172
0.100040 198
0.099880 26
0.000016 172
0.099502 198
0.100812 26
0.000012 172
0.099665 198
0.100271 26
0.000014 172
0.100001 26
0.000016 172
0.099845 26
0.000021 172
0.099514 26
0.000028 172
0.099758 198
0.099965 26
0.000022 166
0.000013 6
0.100508 198
0.100080 198
0.099344 26
0.000016 172
0.100147 26
0.000021 172
0.100382 26
0.000012 172
0.099954 26
0.000022 172
0.100100 26
0.000020 172
0.099998 198
0.100254 26
0.000019 172
0.099473 26
0.000015 172
0.100486 26
0.000015 172
0.099675 26
0.000020 172
0.099617 26
0.000020 172
0.100685 26
0.000021 172
0.099878 14
0.000021 12
0.000043 172
0.099756 26
0.000019 172
0.099319 26
0.000023 172
0.100289 26
0.000018 172
0.099664 26
0.000022 172
0.100600 26
0.000026 172
0.099902 26
0.000015 172
0.100156 26
0.000027 172
0.100206 26
0.000025 172
0.099517 26
0.000023 172
0.099532 26
0.000017 172
0.100032 198
0.100831 26
0.000025 172
0.099823 26
0.000020 172
0.099661 198
0.100387 198
0.099895 198
0.099726 26
0.000017 172
0.099963 26
0.000016 172
0.099548 198
0.099948 26
0.000016 172
0.100855 198
0.099837 26
0.000015 172
0.099906 26
0.000022 172
0.099678 26
0.000017 172
0.099839 26
0.000017 172
0.100609 198
0.099862 198
0.100314 198
0.099357 26
0.000017 172
0.099914 198
0.100634 26
0.000022 172
0.099063 26
0.000017 172
0.100972 26
0.000020 172
0.099841 198
0.099510 198
0.099999 198
0.100600 26
0.000017 172
0.099242 198
0.099952 26
0.000015 172
0.100328 26
0.000016 172
0.100339 26
0.000013 172
0.099384 26
0.000016 172
0.100339 26
0.000021 172
0.099379 26
0.000013 172
0.100854 198
0.099621 26
0.000024 172
0.100363 26
0.000017 172
0.100036 26
0.000017 172
0.099666 26
0.000032 172
0.100221 26
0.000019 172
0.099905 26
0.000018 172
0.099898 26
0.000017 172
0.100065 26
0.000028 172
0.099912 26
0.000012 172
0.099958 26
0.000021 172
0.099777 26
0.000016 172
0.099801 26
0.000024 172
0.099980 26
0.000021 172
0.100609 26
0.000018 172
0.099548 26
0.000017 172
0.100426 26
0.000016 172
0.099581 26
0.000013 172
0.100392 26
0.000022 172
0.099429 26
0.000017 172
0.100360 26
0.000031 172
0.100056 26
0.000016 172
0.099634 26
0.000018 172
0.100017 26
0.000015 172
0.100068 198
0.099645 26
0.000018 172
0.100554 26
0.000016 172
0.099412 26
0.000016 172
0.100087 198
0.099966 192
0.000019 6
0.100546 26
0.000022 172
0.099513 26
0.000014 172
0.100321 198
0.099872 26
0.000013 172
0.099653 26
0.000017 172
0.099657 198
0.100318 26
0.000017 172
0.099811 26
0.000016 172
0.100045 26
0.000020 172
0.100561 26
0.000016 172
0.099951 26
0.000028 172
0.100076 26
0.000023 172
0.099442 198
0.100401 26
0.000016 172
0.099966 26
0.000016 172
0.100132 198
0.099455 26
0.000016 172
0.100125 26
0.000016 172
0.100278 26
0.000024 172
0.099925 26
0.000014 172
0.099302 26
0.000016 172
0.100561 14
0.000014 184
0.099861 198
0.099966 192
0.000016 6
0.100039 198
0.099540 26
0.000015 172
0.100149 26
0.000016 172
0.100286 26
0.000016 172
0.100354 198
0.100049 26
0.000018 172
0.099913 26
0.000016 172
0.099214 198
0.100298 26
0.000023 172
0.099724 26
0.000021 172
0.100348 26
0.000023 172
0.100043 26
0.000020 172
0.099426 26
0.000027 172
0.099941 26
0.000018 172
0.100696 198
0.099300 26
0.000019 172
0.100827 26
0.000015 172
0.099621 26
0.000015 172
0.100182 26
0.000017 172
0.100066 26
0.000025 172
0.099347 26
0.000015 172
0.100642 26
0.000018 172
0.099693 26
0.000015 172
0.100409 26
0.000015 172
0.099988 198
0.099455 26
0.000015 172
0.100455 26
0.000020 172
0.099681 198
0.100157 26
0.000016 172
0.099656 198
0.100408 26
0.000016 172
0.099903 26
0.000015 172
0.099854 198
0.099686 26
0.000017 172
0.100309 26
0.000017 172
0.099976 26
0.000018 172
0.099422 26
0.000016 172
0.100515 198
0.099657 192
0.000021 6
0.100625 26
0.000017 172
0.099314 26
0.000017 172
0.100639 26
0.000014 172
0.099433 198
0.100076 198
0.100489 26
0.000016 172
0.099486 26
0.000016 172
0.100201 26
0.000016 172
0.099823 26
0.000015 172
0.100421 26
0.000017 172
0.100031 26
0.000017 172
0.099891 26
0.000018 172
0.100123 198
0.099685 26
0.000016 172
0.099874 26
0.000023 172
0.100083 26
0.000015 172
0.100178 26
0.000018 172
0.099491 198
0.100170 26
0.000020 172
0.100263 26
0.000017 172
0.099827 26
0.000015 172
0.099391 26
0.000023 172
0.100880 198
0.099441 198
0.100032 26
0.000016 172
0.100093 198
0.100056 26
0.000033 172
0.099759 26
0.000018 172
0.099954 26
0.000027 172
0.100293 26
0.000014 172
0.099829 26
0.000014 172
0.100293 26
0.000015 172
0.099702 26
0.000017 172
0.100013 26
0.000016 172
0.099894 26
0.000020 172
0.099948 26
0.000030 172
0.100100 26
0.000015 172
0.100063 198
0.100165 26
0.000020 172
0.099726 26
0.000016 172
0.100175 26
0.000017 172
0.099646 26
0.000041 172
0.099806 198
0.100207 198
0.100144 26
0.000016 172
0.100112 26
0.000016 172
0.099942 26
0.000016 172
0.100105 26
0.000024 172
0.099552 26
0.000014 172
0.100061 26
0.000029 172
0.100069 26
0.000017 172
0.099433 26
0.000016 172
0.100709 26
0.000015 172
0.100021 26
0.000016 172
0.100048 26
0.000015 172
0.099192 198
0.100115 26
0.000028 172
0.100672 26
0.000014 172
0.099129 26
0.000020 172
0.100633 198
0.100125 198
0.099912 26
0.000015 172
0.099993 26
0.000019 172
0.100138 26
0.000016 172
0.099175 26
0.000017 172
0.100808 26
0.000017 172
0.099496 26
0.000015 172
0.099927 26
0.000017 172
0.100104 26
0.000013 172
0.100140 198
0.100302 26
0.000016 172
0.099866 26
0.000015 172
0.099489 26
0.000019 172
0.100230 198
0.099482 26
0.000036 172
0.100274 26
0.000018 172
0.099953 26
0.000024 172
0.100333 198
0.100071 26
0.000028 172
0.099396 198
0.100236 198
0.100254 198
0.100199 26
0.000022 172
0.099929 198
0.099835 26
0.000016 172
0.100178 26
0.000016 172
0.099490 198
0.099989 198
0.100605 198
0.099517 198
0.100503 198
0.099449 26
0.000018 172
0.100430 198
0.099163 26
0.000015 172
0.100526 198
0.099857 327
0.100207 327
0.100273 327
0.099404 327
0.100215 26
0.000016 301
0.100316 327
0.099235 321
0.000057 6
0.100187 327
0.100516 327
0.100071 26
0.000015 301
0.099211 26
0.000018 301
0.100261 14
0.000016 307
0.000012 6
0.100168 26
0.000016 301
0.099666 327
0.100452 327
0.099288 327
0.100204 327
0.100659 327
0.099243 327
0.100444 327
0.099447 327
0.100558 327
0.100837 327
0.099640 327
0.099741 327
0.099463 327
0.100270 327
0.100275 327
0.099380 327
0.100264 327
0.100408 327
0.099420 327
0.100239 327
0.100531 327
0.099152 26
0.000016 301
0.100237 26
0.000017 301
0.100171 26
0.000016 301
0.100230 26
0.000013 301
0.099297 26
0.000012 301
0.100205 319
0.000015 8
0.100211 26
0.000022 301
0.100191 26
0.000020 301
0.099157 327
0.100211 26
0.000022 301
0.100216 26
0.000021 301
0.100283 178
0.000015 149
0.099140 26
0.000022 301
0.100245 327
0.100190 26
0.000017 301
0.100183 26
0.000018 301
0.099406 26
0.000021 301
0.100732 327
0.100083 178
0.000021 149
0.099145 26
0.000018 301
0.100208 327
0.100185 26
0.000017 301
0.100236 26
0.000021 301
0.100438 327
0.099616 327
0.100240 327
0.099210 26
0.000022 301
0.100512 327
0.100235 178
0.000018 149
0.099483 327
0.100374 327
0.099263 327
0.100508 327
0.099421 327
0.100455 327
0.100259 327
0.100141 178
0.000017 149
0.099226 26
0.000020 301
0.100195 26
0.000019 301
0.100153 178
0.000013 149
0.100236 26
0.000021 301
0.100144 327
0.099220 26
0.000032 301
0.100206 327
0.100180 327
0.100244 26
0.000017 301
0.099120 26
0.000017 301
0.100198 26
0.000015 301
0.100176 26
0.000017 301
0.100239 327
0.100256 327
0.099154 327
0.100254 327
0.100207 327
0.100434 26
0.000017 301
0.099203 327
0.100214 26
0.000014 301
0.100183 26
0.000013 301
0.100240 178
0.000023 149
0.099140 327
0.100256 327
0.100332 327
0.100207 327
0.100176 327
0.099222 327
0.100250 327
0.100280 327
0.099282 327
0.100223 327
0.100494 327
0.099603 327
0.099876 327
0.100239 327
0.100248 327
0.100287 327
0.099259 327
0.100193 327
0.100212 321
0.000014 6
0.100175 26
0.000015 301
0.099165 327
0.100238 327
0.100241 327
0.100209 26
0.000022 301
0.100216 26
0.000015 301
0.099213 26
0.000022 301
0.100200 26
0.000022 301
0.100189 321
0.000016 6
0.450624 26
0.000043 1282
0.049745 327
0.099465 327
0.100211 327
0.100135 327
0.099137 327
0.100226 26
0.000020 301
0.100150 327
0.100232 327
0.100173 327
0.100159 26
0.000016 301
0.099189 327
0.100182 327
0.100194 327
0.100338 327
0.099128 26
0.000028 301
0.100199 327
0.100227 178
0.000019 149
0.100223 327
0.100148 327
0.099169 26
0.000019 301
0.100203 327
0.100230 26
0.000020 301
0.100216 321
0.000018 6
0.099527 327
0.100192 327
0.100169 26
0.000017 301
0.100221 327
0.099100 26
0.000013 301
0.100190 327
0.100266 327
0.100377 327
0.100228 327
0.099204 327
0.100303 327
0.100227 327
0.099392 327
0.100576 327
0.099402 327
0.100561 327
0.099393 327
0.100450 327
0.100475 327
0.099624 327
0.100439 327
0.099279 327
0.100416 327
0.100170 327
0.099283 327
0.100263 327
0.100175 327
0.100185 26
0.000158 301
0.099000 26
0.000031 301
0.100287 26
0.000030 301
0.100162 327
0.100283 178
0.000021 149
0.099138 178
0.000020 149
0.100306 26
0.000024 301
0.100157 327
0.100235 178
0.000017 149
0.100171 321
0.000014 6
0.099252 327
0.100245 26
0.000029 152
0.000011 149
0.100316 327
0.099821 327
0.099508 327
0.100262 327
0.100289 26
0.000022 301
0.100236 321
0.000015 6
0.099123 26
0.000016 301
0.100181 321
0.000015 6
0.100249 327
0.100520 327
0.099535 327
0.100491 327
0.099463 327
0.100545 327
0.099494 327
0.100263 327
0.099378 327
0.100277 327
0.100425 327
0.099629 327
0.100673 327
0.099476 327
0.100186 327
0.099427 327
0.100327 327
0.099453 327
0.100547 327
0.099430 327
0.100611 327
0.100406 327
0.099334 327
0.100517 327
0.099449 327
0.100159 327
0.100381 327
0.099640 321
0.000016 6
0.098162 26
0.000015 310
0.004229 33
0.000093 62
0.003522 229
0.000357 8
0.000010 52
796.833245 1
0.082723 1
0.090963 1
0.074677 1
0.094255 1
0.546967 1
0.087995 1
0.112122 1
0.315530 1
0.305829 1
0.192827 1
0.173972 1
0.305607 1
0.276444 1
0.247386 1
0.146635 1
0.106060 1
1.141730 1
0.441511 1
0.180302 1
0.216617 1
0.084770 1
0.397266 1
0.311288 1
0.401061 1
0.475211 1
0.586401 4
0.171439 1
0.398229 1
0.222521 1
0.155530 1
0.148157 1
0.363404 11
0.005346 231
0.155008 19
3.245304 2
0.355460 234
0.029310 37
0.064336 6
0.036372 121
0.197162 126
0.200949 126
0.201294 126
0.235347 126
0.207041 126
0.002144 128
0.280095 31
0.230149 254
0.015950 45
0.002748 33
0.000105 71
0.003334 229
0.000245 8
0.000007 52
15.082805 30
0.105693 1
0.583209 1
0.041976 1
0.040240 1
0.039354 1
0.040278 1
0.444962 5
0.245642 2
0.000016 9
0.004610 231
0.307392 234
0.029411 37
0.419059 25
0.232911 253
0.018894 45
0.002206 33
0.000122 71
0.004014 229
0.000172 8
0.000012 52
1.448863 1
0.070314 1
0.109550 1
0.086239 1
0.136153 1
0.202228 1
0.152669 1
0.174163 1
0.224531 1
0.063884 1
0.083326 1
0.313265 1
0.289221 1
0.074197 1
0.213554 1
0.080189 1
0.111285 1
0.163772 11
0.004715 231
0.031556 37
1.812112 6
0.000800 121
0.160441 126
0.144403 126
0.130023 249
0.114259 253
0.201200 253
0.113816 253
0.285144 253
0.427166 253
0.278741 253
0.281927 253
0.360708 253
0.282638 253
0.203817 376
0.193966 376
0.196161 376
0.195687 376
0.034532 499
0.000150 376
0.000163 253
0.000042 128
0.372709 31
0.025522 439
0.000019 588
0.000011 160
0.000022 243
0.000010 97
0.000010 218
0.000010 174
0.000019 174
0.000009 126
0.000010 150
0.000010 70
0.000010 107
0.000010 204
0.000010 117
0.000010 119
0.000010 82
0.000010 188
0.000036 192
0.000011 396
0.000011 204
0.000010 162
0.000017 215
0.000017 113
0.000010 182
0.000009 32
0.000010 207
0.000010 87
0.000010 121
0.000010 189
0.000010 76
0.000010 199
0.000009 65
0.000010 97
0.000010 174
0.000011 139
0.000011 75
0.000010 194
0.000017 158
0.000010 88
0.000010 88
0.000010 194
0.000009 66
0.000010 167
0.000017 163
0.000010 77
0.000024 173
0.000011 179
0.000010 65
0.000022 241
0.000010 106
0.000010 87
0.000010 216
0.000017 161
0.000010 72
0.000010 121
0.000010 186
0.000009 56
0.000010 72
0.000010 186
0.000017 196
0.000010 81
0.000009 72
0.000010 91
0.000010 164
0.000017 180
0.000010 110
0.000009 86
0.000010 133
0.000010 64
0.000009 118
0.000010 53
0.000010 127
0.000010 138
0.000010 63
0.000010 172
0.000009 95
0.000010 174
0.000017 159
0.000013 79
0.000010 231
0.000010 79
0.000010 140
0.000010 89
0.000010 138
0.000009 120
0.000010 82
0.000009 94
0.000010 191
0.000010 83
0.000009 91
0.000010 88
0.000009 89
0.000010 160
0.000010 89
0.000010 141
0.000010 74
0.000009 151
0.000010 68
0.000009 137
0.000011 108
0.000010 166
0.000009 159
0.000018 216
0.000010 78
0.000011 102
0.000010 167
0.000009 74
0.000010 67
0.000011 155
0.000009 45
0.000010 178
0.000011 153
0.000014 107
0.000010 156
0.000010 162
0.000009 82
0.000010 97
0.000009 81
0.000010 75
0.000010 154
0.000010 86
0.000010 151
0.000014 165
0.000008 87
0.000005 85
0.000006 81
0.000006 92
0.000012 77
0.000007 87
0.000006 84
0.000006 79
0.000006 95
0.000006 91
0.000013 98
0.000006 95
0.000011 83
0.000006 89
0.000005 85
0.000006 96
0.000013 81
0.000005 71
0.000006 85
0.000012 84
0.000006 92
0.000006 94
0.000011 88
0.000006 95
0.000006 92
0.000017 168
0.000012 65
0.000006 82
0.000006 84
0.000006 88
0.000006 90
0.000010 60
0.000009 60
0.000007 150
0.000005 103
0.000013 80
0.000006 102
0.000011 100
0.000005 100
0.000006 62
0.000006 76
0.000006 28
0.000005 62
0.000006 81
0.000006 39
0.000006 57
0.000006 67
0.000006 58
0.014291 33
0.000090 62
0.003713 229
0.000234 60
54.993583 1
0.113359 1
0.054954 1
0.329373 1
0.096427 1
0.129238 1
0.100313 1
0.075459 1
0.109493 1
1.213132 1
0.068614 1
0.319472 1
0.214017 1
0.227888 1
0.183433 1
0.142408 1
0.085564 1
1.414441 1
0.301169 1
0.436349 11
0.005752 231
0.321350 235
0.028802 37
0.440520 25
0.172737 973
0.003259 229
2.613494 1
0.243942 2
0.000221 6
1.534660 367
0.068153 622
0.015340 622
0.008046 622
0.004562 499
0.007967 376
0.005602 378
0.001008 25
0.223166 121
0.001292 126
0.157620 249
0.175697 249
0.002566 126
0.025600 249
0.018817 249
0.027042 194
0.000989 130
0.003957 249
0.011474 249
0.207019 195
0.092426 130
0.006063 191
0.024369 130
0.367367 134
0.000207 24
0.001135 6
0.018347 45
0.002757 33
0.000147 62
0.004387 229
0.000385 8
0.000011 52
19.407139 1
0.116998 1
0.156504 1
0.448047 1
0.142441 1
72.377641 1
0.198861 1
0.134803 1
0.135353 1
0.187510 1
1.460084 1
0.891224 1
0.415527 1
0.071150 1
0.064289 1
2.313203 1
0.172789 1
0.181994 1
0.253711 1
0.296616 1
0.270646 1
0.166971 1
0.425338 1
0.172349 1
0.144355 1
0.171663 1
0.679682 1
0.676667 1
0.155034 1
0.096361 1
0.228773 1
0.254480 1
0.610812 1
0.096436 1
0.221457 1
0.048143 1
0.712690 1
0.651951 1
224.598372 11
0.005465 231
0.000252 11
0.000238 33
0.000169 62
0.001494 411
0.000014 572
0.000012 500
0.000021 414
0.000012 763
0.000010 79
0.001521 229
0.000356 71
0.000386 8
0.000017 52
1.231513 38
0.234400 1
0.569904 1
0.040527 1
0.039420 1
0.040685 1
0.038952 1
0.040590 1
0.039581 1
0.040159 1
0.039661 1
0.040548 1
0.039581 1
0.040154 1
0.039670 1
0.040532 1
0.039569 1
0.040161 1
0.040227 1
0.040063 1
0.039556 1
0.040442 1
0.039868 1
0.039898 1
0.039992 1
0.040053 1
0.123441 1
0.276689 5
0.133133 3
0.157102 3
0.172949 3
0.156382 3
0.244859 1
0.570051 1
0.041599 1
0.040949 1
0.039239 1
0.040839 1
0.039864 1
0.039043 1
0.040470 1
0.039124 1
0.040041 1
0.201785 1
0.186471 5
0.307912 2
0.000014 9
0.004981 231
0.000138 11
0.000186 33
0.000110 62
0.002006 474
0.000021 1209
0.000025 660
0.000012 396
0.001047 229
0.000153 73
0.000023 8
0.000011 52
13.001890 40
12.734427 1
0.139987 1
0.178501 1
0.348494 3
0.337032 5
0.266002 2
0.000021 9
0.004734 231
0.000166 11
0.000165 33
0.000127 62
0.003597 238
0.000087 229
0.000183 8
0.000010 52
2.434675 24
1.794687 24
1.605952 24
1.752734 24
1.667386 25
1.710665 25
1.688534 25
1.669156 25
1.735536 25
1.638566 25
0.000014 133
0.000007 94
0.000011 179
0.000009 222
0.000495 160
0.000008 90
0.000008 92
0.000007 116
13.357122 11
0.000058 74
0.000084 33
0.000078 62
0.003450 229
0.000208 8
0.000009 52
135.159175 41
22.172495 11
0.005586 231
0.000216 11
0.000139 33
0.000122 62
0.003344 238
0.000044 229
0.000332 8
0.000010 52
2.090560 24
1.649190 24
1.699465 24
1.711397 24
1.665137 25
1.746455 25
1.669848 25
1.729597 25
1.617418 25
1.699588 25
0.000015 133
0.000010 94
0.000008 97
0.000007 82
0.000010 92
0.000008 130
0.000587 70
0.000009 244
0.000008 84
0.000008 60
4.143535 11
0.000028 74
0.000120 33
0.000082 62
0.003832 229
0.000174 60
293.097335 41
10.620294 11
0.005757 231
0.000215 11
0.000214 33
0.000162 62
0.003167 201
0.000014 37
0.000166 229
0.000334 8
0.000010 52
1.931444 24
0.061034 11
0.000154 33
0.000098 62
0.003897 229
0.000264 8
0.000012 52
1.505403 24
1.572886 24
1.598842 24
1.755501 25
1.701386 25
1.616504 25
1.801696 25
1.742622 25
1.747035 25
0.000013 101
0.000008 59
0.000007 67
0.000027 97
0.000007 304
0.000706 70
0.000008 135
0.000006 47
0.000007 104
0.000007 28
0.000006 28
0.000007 46
327.818053 11
0.000418 74
0.000038 33
0.000092 62
0.004195 229
0.000267 60
0.780815 11
0.000168 33
0.000087 62
0.003752 229
0.000262 60
0.146877 11
0.000121 33
0.000081 62
0.003663 229
0.000240 8
0.000013 52
1.599913 1
0.646057 1
0.179034 1
0.217400 1
0.124275 1
0.151751 11
0.005527 231
0.001072 11
0.000219 33
0.000073 62
0.002870 229
0.000173 8
0.000014 52
139.064170 5
0.655501 46
0.564278 1
0.093304 1
0.187429 1
0.908961 3
0.375481 5
0.577264 5
0.041790 5
0.039479 5
0.040022 5
0.040838 5
0.038814 5
0.039835 5
0.040986 5
0.040330 5
0.038798 5
0.039859 5
0.040878 5
0.040761 5
0.039722 5
0.040120 5
0.039164 5
0.040188 5
0.040670 5
0.173096 5
0.268352 5
0.262815 5
1.535216 80
3.145846 211
0.331367 3
68.514966 1
0.630450 1
0.041431 1
0.039480 1
0.040014 1
0.040370 1
0.040304 1
0.039453 1
0.039731 1
0.040767 1
0.039677 1
0.039508 1
0.039973 1
0.040576 1
0.040013 1
0.039747 1
0.040507 1
0.040052 1
0.038814 1
0.039590 1
0.041127 1
0.040425 1
0.039347 1
0.039859 1
0.040491 1
0.040003 1
0.039199 1
0.041561 1
0.039346 1
0.039674 1
0.040220 1
0.039424 1
0.040696 1
0.039714 1
0.040002 1
0.039721 1
0.040895 1
0.039211 1
0.039925 1
0.040734 1
0.040085 1
0.039236 1
0.040134 1
0.039893 1
0.039654 1
0.040701 1
0.039697 1
0.040565 1
0.039685 1
0.039781 1
0.040603 1
0.039025 1
0.039757 1
0.040018 1
0.040806 1
0.039617 1
0.040308 1
0.039658 1
0.040061 1
0.040496 1
0.039898 1
0.039617 1
0.039859 1
0.039361 1
0.040566 1
0.040580 1
0.040287 1
0.040129 1
0.038622 1
1.597195 1
0.577886 1
0.042373 1
0.039908 1
0.039099 1
0.039624 1
0.373428 3
0.304009 1
0.309975 5
0.130151 5
0.154867 5
0.144462 5
0.147130 5
0.157034 5
0.700201 5
0.127833 9
0.462348 5
0.062272 5
1.465157 225
21.058820 2
0.000017 9
0.006953 231
0.000035 11
0.000253 33
0.000092 62
0.003394 229
0.000077 238
0.000288 8
0.000016 52
0.883719 25
0.872516 26
0.877084 26
0.877743 26
0.874082 26
0.870910 26
0.969717 26
0.950365 26
0.960055 26
0.906929 160
0.000019 546
0.029126 338
0.000019 263
32.391163 11
0.000507 116
0.000046 33
0.000062 62
0.003867 229
0.000228 8
0.000013 52
0.290332 83
0.599890 11
0.004866 231
0.000161 11
0.000194 33
0.000149 62
0.002897 229
0.000265 8
0.000014 52
0.000152 238
0.965502 25
0.967120 26
0.936819 26
0.988342 26
0.975960 26
0.958632 26
0.989322 26
0.938318 26
0.964499 26
0.969575 53
0.000027 653
0.025594 115
0.000019 481
94.384168 2
0.000013 9
0.000429 116
0.000072 33
0.000078 62
0.003460 229
0.000316 8
0.000014 52
140.038490 1
0.202079 1
0.232817 1
0.087318 1
1.880569 11
0.005313 237
