0.046213 50
0.000273 33
0.003072 229
0.000304 8
0.000020 52
4.607168 1
0.036675 1
0.113335 1
0.266867 1
0.072916 1
0.049412 11
0.003618 231
0.000829 11
0.000174 33
0.000035 62
0.002299 229
0.000122 60
37.141433 1
0.078880 1
0.112390 1
0.177535 1
0.068316 1
0.067239 1
1.421774 1
0.589220 1
0.198799 1
0.217317 1
0.349226 1
0.059675 1
7.586582 11
0.003934 231
0.002462 96
0.000156 33
0.000040 71
0.002687 229
0.000151 8
0.000014 52
17.909228 1
0.076266 1
0.101676 1
0.128362 1
0.065721 1
0.070446 1
0.346640 1
0.079224 1
0.106448 1
0.314239 1
0.361402 1
0.054524 1
0.399902 11
0.004184 231
0.002234 17
0.000187 33
0.000057 62
0.002481 229
0.000271 60
34.513787 1
0.059128 1
0.089271 1
0.067164 1
0.060988 1
0.166761 1
0.115010 1
0.047276 1
0.713960 4
0.448332 1
0.180305 1
0.118258 1
0.080818 1
0.063863 1
0.141498 1
0.155980 1
0.200017 1
0.120446 1
0.048038 1
0.231208 1
0.042587 1
0.109110 1
0.207703 1
0.240458 1
0.072264 1
0.210771 11
0.003919 231
0.199018 19
1.336767 2
1.751644 2
0.207136 33
0.001360 33
0.000033 71
0.003069 229
0.000161 60
1.290376 23
0.197347 4
0.104333 4
0.279651 1
0.084677 1
0.263738 11
0.003868 231
0.042066 19
3.172733 2
0.334366 233
0.142182 37
1.566303 6
0.000906 152
0.128640 157
0.128151 157
0.250528 157
0.120890 157
0.104432 157
0.108584 157
0.221986 157
0.217851 157
0.001899 159
2.265909 31
0.595658 110
0.017754 45
0.002132 33
0.000056 62
0.002943 229
0.000121 8
0.000010 52
2.865127 23
0.337749 4
0.129846 4
0.134358 4
0.150384 4
0.161837 4
0.291385 4
0.810508 1
0.128549 1
0.198810 1
0.197309 1
0.319385 1
0.060829 1
0.287140 4
0.117673 1
0.885956 2
0.000015 9
0.004366 231
0.039058 234
0.029840 37
0.486272 25
0.166979 437
0.000017 225
0.778978 1
0.182582 2
0.000142 6
0.702613 460
0.104271 469
0.252727 469
0.101477 469
0.101569 469
0.101351 469
0.101862 469
0.101488 469
0.102079 469
0.106709 469
0.101342 469
0.208083 469
0.101614 469
0.101402 469
0.100995 469
0.105189 469
0.101985 469
0.168555 469
0.101376 469
0.164714 469
0.101062 469
0.101351 469
0.104101 469
0.101993 469
0.473613 471
0.000954 25
1.492287 152
0.033660 157
0.204498 311
0.210891 311
0.100984 157
0.044292 157
0.085281 225
0.001013 161
0.219861 226
0.089376 161
0.006856 222
0.022639 161
1.999255 165
0.000258 24
0.000976 6
0.016626 45
0.002722 33
0.000016 62
0.003367 229
0.000220 8
0.000012 52
0.296370 1
0.081138 1
0.045036 1
0.096744 1
0.128828 1
0.022354 2
0.000014 9
0.004630 231
0.000746 11
0.000155 33
0.000036 62
0.002763 229
0.000130 60
74.710678 1
1.581564 4
670.546153 1
0.357335 1
0.364065 1
0.059699 1
0.098311 1
0.092274 1
0.121291 1
0.228065 1
0.107415 1
0.122985 11
0.004878 231
0.773460 87
0.000015 192
0.000008 122
0.000008 25
0.000007 72
0.000008 84
0.000008 40
0.000008 61
0.000008 28
0.000007 105
0.000007 20
0.000008 47
0.000008 54
0.000007 53
0.000008 40
0.000007 37
0.000007 50
0.000007 59
0.000007 48
0.000008 25
0.001831 33
0.000078 62
0.003202 229
0.000321 8
0.000017 52
196.395736 1
0.097691 1
0.508846 2
0.000016 9
0.003933 231
0.001084 37
0.000236 33
0.000043 62
0.002570 229
0.000170 8
0.000019 52
3.020105 1
0.181405 1
0.355976 1
0.068972 1
0.111997 1
0.150606 1
0.141207 1
1.136671 1
5.456159 1
1.550650 1
0.352275 1
0.173853 1
0.261206 1
0.099380 1
0.269412 1
0.079064 1
0.755776 1
0.298410 1
2.234479 4
0.629197 4
0.039694 4
0.039759 4
0.039316 4
0.040152 4
0.040258 4
0.040318 4
0.039867 4
0.129224 4
0.166497 4
0.166916 4
2.046340 1
0.157825 1
0.196772 1
1.084959 1
0.277295 1
0.133285 1
0.196562 1
0.105506 1
0.141685 1
0.070147 1
1.024880 1
0.396585 1
0.454648 1
1.515899 1
0.314819 1
0.401950 1
0.100876 1
0.128400 1
0.076276 1
0.374362 1
0.480692 1
2.222318 1
0.724339 1
0.096099 1
0.155786 1
0.177905 1
0.200409 1
0.085137 1
0.236690 1
0.249970 1
0.654472 2
0.000017 9
0.004323 231
0.001355 33
0.000047 62
0.002861 229
0.000142 8
0.000025 52
1.531484 1
0.063890 1
0.087201 2
0.000015 9
0.004230 231
0.001130 82
0.000217 33
0.000039 62
0.002811 229
0.000182 8
0.000013 52
2.890353 1
0.076380 1
0.053741 1
0.168048 1
0.119023 1
0.182612 1
0.076236 1
0.126608 1
0.069892 1
0.207222 11
0.003925 231
0.000853 39
0.000230 33
0.000018 62
0.002614 229
0.000199 8
0.000022 52
11.037523 1
0.044633 1
0.607445 1
0.055124 1
0.095867 1
0.365136 1
5.954169 1
0.105900 1
0.167893 1
0.228890 1
0.232034 1
0.066466 1
0.105901 1
0.159861 1
0.103821 1
0.141406 1
0.271291 1
0.166185 11
0.004351 231
0.001003 33
0.000055 62
0.002693 229
0.000120 8
0.000010 52
5.680567 1
0.059280 1
0.152048 1
0.129607 1
0.592860 1
0.170924 3
1.328742 1
0.474822 7
1.029354 11
0.003615 231
0.000086 45
0.000072 62
0.003165 241
0.000236 8
0.000014 64
3.922841 1
0.100132 1
0.157207 1
0.211567 1
0.421833 1
0.098942 1
0.101791 1
0.179210 1
0.081922 1
0.128130 1
0.103866 1
0.426351 1
0.316992 1
0.116582 1
0.092913 1
0.099348 1
0.241674 1
0.127610 1
0.102337 1
0.174419 1
0.180531 2
0.000013 9
0.004240 243
0.013063 35
5.681615 2
0.000025 22
5.540425 2
2.559721 195
0.006381 45
0.000081 62
0.003613 241
0.000170 8
0.000012 64
4.605336 1
0.074710 1
0.110973 11
0.004358 243
0.000939 109
0.000239 45
0.000076 62
0.002821 241
0.000227 8
0.000015 64
673.119352 1
0.073685 1
0.101598 1
0.060928 1
0.090709 1
0.068922 1
0.126762 1
0.186833 1
0.088991 1
0.155591 1
0.391814 1
0.249518 1
0.079510 1
0.109289 1
0.309551 1
0.078546 1
0.123132 1
0.193432 1
0.163610 1
0.169359 1
0.224510 1
0.826062 1
0.865085 1
0.026971 1
0.140297 1
0.210390 1
0.258357 1
0.058205 1
0.092672 1
0.158215 1
0.150460 1
0.224732 1
0.195167 1
0.103193 1
0.597508 1
0.168870 1
0.131040 1
0.118003 1
0.070898 1
0.493297 11
0.005231 243
0.012997 571
0.000293 45
0.000069 62
0.003197 241
0.000264 8
0.000024 64
47.068508 1
0.073990 1
0.396644 1
0.064279 1
0.074685 1
1.481558 1
0.083133 1
0.061091 1
0.182494 1
0.235406 1
0.404247 1
0.493760 1
0.152849 1
0.493952 1
0.098091 1
0.178876 1
0.093299 1
0.237068 1
0.121043 1
0.050326 1
0.163138 1
1.229451 1
0.081091 1
0.099739 1
0.093794 1
0.108508 1
0.087792 1
0.079380 1
0.596735 1
0.082801 1
0.102413 1
0.208027 1
0.676274 1
0.507447 1
0.208175 1
0.089863 1
0.373378 1
0.129032 1
1.210144 1
0.075899 1
0.088869 1
0.165464 1
0.111141 1
0.118336 1
0.111995 1
0.158137 1
0.163095 1
0.319308 1
0.190492 1
0.114253 1
0.328675 1
0.171893 1
0.113305 1
0.211730 1
0.093572 1
0.374687 1
0.399348 1
0.395593 1
0.116759 1
0.190946 1
0.090150 1
1.752440 2
0.003085 9
0.001333 243
0.129985 19
3.068409 2
0.366611 234
0.004657 454
0.000023 632
0.000008 254
0.000360 45
0.001833 45
0.000127 62
0.003487 241
0.000326 8
0.000016 64
5.008943 1
0.070638 1
0.094712 1
0.063480 1
0.039018 1
1.253826 1
0.096587 1
0.137292 1
0.587489 1
0.150015 1
0.069108 1
0.118319 1
0.264694 1
0.141759 1
0.110562 1
0.167966 1
0.088986 1
0.178764 1
0.117216 1
0.110652 1
0.111086 1
0.211768 1
0.099494 1
0.153604 1
0.112620 1
0.085845 1
0.082104 1
0.109817 1
0.237341 1
0.060184 1
0.132585 1
0.141408 1
0.240607 1
0.041790 1
0.150766 1
0.091844 1
0.213503 1
0.085172 1
0.079732 1
0.156995 1
0.178380 1
0.080231 1
0.081705 1
0.154498 1
0.179017 1
0.214305 1
0.186439 1
0.097374 1
0.264333 1
0.177983 1
0.124871 1
0.211846 1
0.117858 1
0.790726 1
0.383172 1
0.175038 1
0.135228 1
0.185619 1
0.041744 1
0.760042 11
0.005749 243
0.308247 233
0.093982 53
0.000614 45
0.001948 45
0.000080 62
0.003483 241
0.000176 8
0.000016 64
101.154635 1
0.094419 1
0.079932 1
0.083035 1
0.066419 1
1.873329 1
3.970460 11
0.000408 10
0.455878 1
0.090564 1
0.160892 1
0.175647 1
0.319560 1
0.053237 1
0.575006 1
0.502325 1
0.065330 1
1.236015 1
1.186401 1
2.574799 1
0.176846 1
1.940979 2
0.000016 9
0.000079 8
0.000010 2
0.754985 1
0.084377 1
0.135431 1
0.146063 1
0.096489 1
0.339212 1
0.104767 1
0.043715 1
0.129153 1
1.085131 1
0.088288 1
0.503167 1
0.085782 1
0.079587 1
0.078565 1
0.136743 1
0.374392 1
0.072272 1
0.136163 1
0.124178 1
0.202574 1
0.085844 1
0.254735 4
0.109923 4
0.168618 1
0.028579 1
0.171896 1
0.250565 1
0.950528 1
0.056674 1
0.105697 1
0.379320 1
0.165815 1
0.070656 1
0.086601 1
0.161403 1
0.161645 1
0.241551 1
0.220728 1
0.083538 1
0.266683 1
0.187480 1
0.111016 1
0.223605 1
0.138282 1
0.945536 1
0.326802 1
0.263925 1
0.140038 1
0.204728 1
0.081997 1
0.601565 1
0.122722 1
0.579416 11
0.000131 10
0.467995 1
0.123253 1
0.107891 1
0.144213 1
0.289132 1
0.842592 4
0.065813 1
0.381962 1
0.587096 1
0.077127 1
0.234369 1
0.362490 1
0.087927 1
0.125322 1
0.087527 1
0.158693 1
0.193752 1
1.381232 1
0.115626 1
0.259696 1
0.136921 1
0.662699 1
0.289187 1
0.139881 1
0.203923 1
0.140310 1
0.100835 1
0.126511 1
0.705457 1
11.050434 1
0.620861 1
0.041152 1
0.040228 1
0.039694 1
0.040777 1
0.039314 1
0.039897 1
0.039987 1
0.040626 1
0.039670 1
0.040705 1
0.039387 1
0.039679 1
0.040199 1
0.040491 1
0.039467 1
0.040574 1
0.039484 1
0.039813 1
0.039743 1
0.041418 1
0.038712 1
0.040398 1
0.040036 1
0.040202 1
0.039354 1
0.040666 1
0.039620 1
0.040410 1
0.039447 1
0.040513 1
0.039468 1
0.040596 1
0.039377 1
0.040442 1
0.040335 1
0.039706 1
0.039467 1
0.041164 1
0.039127 1
0.040200 1
0.039908 1
0.040124 1
0.040574 1
0.954802 11
0.000022 8
0.000011 9
0.000027 2
0.000073 45
0.000781 87
0.003840 241
0.000358 8
0.000011 64
0.450287 66
0.497477 1
0.570457 1
0.040908 1
0.040177 1
0.039911 1
0.040099 1
0.040386 1
0.040265 1
0.038906 1
0.040793 1
0.039308 1
0.040590 1
0.040138 1
0.039748 1
0.040473 1
0.039875 1
0.040010 1
0.039628 1
0.040391 1
0.039456 1
0.040599 1
0.039544 1
0.040359 1
0.039177 1
0.040830 1
0.039628 1
0.039533 1
0.041040 1
0.039978 1
0.039390 1
0.040816 1
0.040145 1
0.039642 1
0.039662 1
0.040379 1
0.039423 1
0.040164 1
0.039778 1
0.040367 1
0.040074 1
0.039565 1
0.039958 1
0.040428 1
0.039473 1
0.039788 1
0.040177 1
0.040504 1
0.039847 1
0.040138 1
0.039330 1
1.339482 3
0.832144 5
0.126935 5
0.167643 5
0.095229 5
0.144451 5
0.059409 5
0.377280 5
0.352110 147
2.086140 4
1.422164 1
0.138865 1
1.196495 1
0.334706 1
0.784232 1
0.103840 1
0.206892 1
0.256628 1
0.085890 1
0.139396 1
0.097445 1
0.454561 4
0.629361 4
0.041339 4
0.039957 4
0.039425 4
0.040366 4
0.040529 4
0.039641 4
0.282189 4
0.143506 4
0.139090 4
0.260437 1
0.117701 1
0.167542 1
0.109645 1
0.289136 1
0.231501 1
0.228396 1
0.093820 1
0.201210 1
1.117726 1
0.064368 1
0.111575 1
0.076866 1
0.140755 1
0.110931 1
0.120889 1
0.124754 1
0.094472 1
0.098526 1
0.251217 1
0.121512 1
0.186278 1
0.202745 1
0.120719 1
0.090065 1
0.112491 1
0.308102 1
8.438645 2
0.000015 9
0.004859 243
0.300816 233
0.013173 31
8.308265 2
1.392281 69
0.000310 47
0.232125 95
0.016469 256
0.016826 288
0.017312 283
0.016067 259
0.016432 259
0.016911 264
0.016533 269
0.016586 306
0.016676 346
0.016658 264
0.017243 270
0.016525 275
0.016538 265
0.016740 275
0.016264 267
0.016834 259
0.016773 256
0.017214 276
0.016121 290
0.016986 318
0.016255 300
0.017224 272
0.016076 274
0.017156 384
0.016461 372
0.016723 375
0.017125 372
0.016131 371
0.016457 385
0.016696 380
0.017204 392
0.015877 347
0.017378 354
0.016141 346
0.016581 208
0.016631 411
0.016743 338
0.016681 341
0.016702 325
0.017329 301
0.016120 380
0.017161 371
0.016190 412
0.017153 365
0.015959 311
0.017289 263
0.016157 299
0.016507 284
0.016672 314
0.016714 295
0.017602 283
0.015637 280
0.016748 282
0.016564 284
0.016913 285
0.016431 292
0.016852 296
0.016578 297
0.016565 293
0.016982 288
0.016372 306
0.016836 260
0.016655 269
0.016664 278
0.017119 306
0.016062 302
0.016690 298
0.016890 296
0.016496 302
0.016652 288
0.016623 326
0.016775 288
0.016580 271
0.017266 287
0.016176 283
0.016562 275
0.016692 265
0.017095 282
0.017175 282
0.016175 282
0.017152 267
0.016114 267
0.017110 267
0.016164 267
0.017220 267
0.016194 251
0.017135 261
0.016118 261
0.017105 261
0.016158 261
0.017156 255
0.016126 249
0.017065 249
0.016234 255
0.017604 259
0.015653 259
0.017054 259
0.017169 262
0.016213 265
0.017139 253
0.016078 253
0.017028 259
0.016236 272
0.016252 259
0.016710 211
0.016840 267
0.016513 273
0.017286 281
0.016124 277
0.017134 265
0.016083 264
0.016695 278
0.016938 259
0.016769 303
0.016281 259
0.016673 305
0.016639 296
0.016955 285
0.017088 276
0.016208 271
0.017106 264
0.016110 243
0.017101 241
0.016135 251
0.016745 284
0.016536 297
0.017081 301
0.016315 95
0.026400 73
0.007815 73
0.016109 73
0.017151 73
0.016107 73
0.017175 73
0.016129 73
0.017104 73
0.016203 73
0.017163 73
0.016170 73
0.017174 73
0.016079 73
0.017192 73
0.016124 73
0.017114 73
0.016164 73
0.017128 73
0.017135 73
0.016101 73
0.017172 73
0.016153 73
0.017146 73
0.016187 73
0.017077 73
0.016120 73
0.017189 73
0.016124 73
0.017169 73
0.016118 73
0.017144 73
0.016175 73
0.017109 73
0.016068 73
0.017307 73
0.016944 73
0.016118 73
0.017126 73
0.016133 73
0.017161 73
0.016077 73
0.017134 73
0.016147 73
0.017256 73
0.016153 73
0.025480 73
0.007858 73
0.017127 73
0.016132 73
0.016623 73
0.017114 73
0.016176 73
0.017132 73
0.016046 73
0.017148 73
0.005476 13
0.000032 124
0.000010 146
0.012892 45
0.001982 45
0.000107 62
0.004000 241
0.000236 8
0.000008 64
250.465836 1
0.089328 1
0.084138 1
0.084417 1
0.049485 1
0.141444 1
0.115033 1
0.215337 1
0.258739 1
1.357083 1
0.082490 1
0.112099 1
1.018731 1
0.075094 1
0.362791 1
1.108185 1
0.117209 1
0.199443 1
0.371516 1
0.100738 1
0.117861 1
0.238354 1
0.138567 1
0.285456 1
0.100079 1
0.203450 1
1.073683 11
0.005820 243
0.325275 233
0.012562 31
5.497924 2
1.343290 64
0.231982 491
0.006088 45
0.002066 45
0.000103 62
0.003444 241
0.000282 8
0.000011 64
1.683736 1
0.094137 1
0.080268 1
0.066953 1
0.054244 1
1.522965 1
0.095824 1
0.210781 1
0.199422 1
0.247024 1
0.076943 1
0.117660 1
0.384878 1
0.106971 1
0.908620 1
0.213763 1
0.474705 1
0.355171 1
0.167882 1
0.097952 1
0.197249 1
0.303635 1
0.823754 11
0.004860 243
0.025822 234
0.013369 31
5.766524 2
1.349036 64
0.238413 47
0.000653 13
0.040527 131
0.004197 45
0.001755 45
0.000098 62
0.003170 241
0.000240 8
0.000015 64
5.053516 1
0.118280 1
0.101031 1
0.127021 1
1.128457 1
0.076331 11
0.004468 243
0.000999 140
0.000238 45
0.000068 62
0.003272 241
0.000240 8
0.000016 64
1.432402 5
0.268730 4
0.545419 1
0.109987 11
0.004757 243
0.002866 67
0.000014 201
0.000010 140
0.000368 45
0.000110 62
0.003140 241
0.000262 72
1012.085007 1
0.038165 1
0.087988 1
0.276901 1
0.254236 1
0.093861 1
0.202848 7
0.346797 11
0.006037 243
0.001283 66
0.000211 45
0.000093 62
0.003567 241
0.000390 72
365.287357 13
0.104483 15
0.099622 2
0.112002 27
0.135615 20
0.253544 91
0.205895 232
1.456731 131
14.928095 11
0.005485 243
0.128568 19
5.409626 2
0.340540 234
0.012641 31
4.487746 2
1.348166 69
0.232025 37
0.006840 47
0.009450 71
0.017500 72
0.015749 73
0.016794 73
0.016518 73
0.016712 73
0.016917 73
0.034195 73
0.000054 73
0.016490 73
0.016613 73
0.008885 208
0.000016 77
0.004854 45
0.002773 45
0.000101 62
0.003496 241
0.000291 8
0.000008 64
319.918016 1
0.068180 1
0.070110 1
0.246001 1
0.132525 1
1.782290 11
0.005578 243
0.000140 33
0.000115 62
0.002831 229
0.000373 60
0.265519 1
0.099627 1
0.056270 11
0.004800 231
0.001171 107
0.000289 33
0.000079 62
0.003108 229
0.000176 8
0.000008 52
1.538574 1
0.067659 1
0.078787 1
0.131466 1
0.123238 1
0.163110 1
0.055458 1
0.127163 1
0.062106 1
0.201118 11
0.004901 231
0.001051 39
0.000277 33
0.000033 62
0.003246 229
0.000240 60
1.220006 1
0.089935 1
0.055676 1
0.267060 1
0.117423 1
0.211836 1
0.097072 1
0.135620 1
0.031964 1
0.330201 1
0.509899 1
0.175991 1
0.404251 2
0.000012 9
0.005040 231
0.000133 43
0.000109 62
0.003212 239
0.000155 8
0.000014 62
2.158885 1
0.091378 1
0.091128 1
0.092537 1
0.048400 1
0.071312 1
0.096824 1
0.222903 1
0.161136 1
0.192388 1
0.255207 1
0.128570 1
0.878777 1
0.042851 1
0.356662 1
0.178093 1
0.192564 1
0.208406 1
0.298409 1
0.199944 1
0.128896 1
0.315592 4
0.079785 1
0.264628 1
0.730798 1
0.087120 1
0.410843 1
0.160216 1
2.185804 1
0.050127 1
0.468910 1
0.360331 1
0.154322 1
0.082485 1
0.185720 1
0.202093 1
0.544626 1
0.371846 1
0.054861 1
0.306420 1
0.110103 1
0.200827 1
0.143322 1
0.276726 1
0.642066 1
0.076978 1
0.065723 1
0.746196 1
1.275945 1
0.268961 1
0.231845 1
0.107465 1
0.066097 1
0.180740 1
0.232734 1
0.081447 1
0.100605 1
0.172428 1
0.158387 1
0.157652 1
0.925919 1
0.072495 1
2.759755 1
0.415769 1
0.252554 1
0.163229 1
0.159035 1
0.067138 1
0.197671 1
0.259235 1
0.118609 1
0.235741 1
0.205247 1
0.123109 1
0.130471 1
0.128532 1
0.458227 1
0.264560 1
0.399151 1
0.361983 1
0.407437 1
0.199468 1
0.157095 1
0.097420 1
0.150617 1
0.476855 1
0.081246 1
0.177801 1
0.322461 1
0.132851 1
0.116375 1
0.219044 1
0.182924 1
1.144362 1
0.185192 1
1.863304 11
0.004833 241
0.240995 82
0.008728 14
0.003281 43
0.000081 62
0.003337 239
0.000254 8
0.000015 62
19.366386 1
0.094681 1
0.095491 1
0.117514 1
0.075112 1
0.064766 1
0.385929 1
0.119451 1
0.167756 1
0.192112 1
0.210320 1
0.121521 1
0.256618 1
0.104728 1
0.189331 1
0.173761 1
0.539012 1
0.201991 1
0.637927 1
0.170135 1
0.166803 1
0.182686 1
0.100508 1
0.398507 1
0.389849 1
0.299729 1
0.099970 1
1.121877 1
0.331522 1
0.116985 1
0.155007 1
0.100463 1
0.527106 1
0.215602 1
0.138506 1
0.222203 1
0.179904 1
0.095620 1
0.344772 1
0.108508 1
0.211018 1
0.230702 1
0.155498 1
0.213009 1
0.301843 1
0.722402 1
0.347528 1
0.326444 1
0.109979 1
0.294916 1
0.147497 1
0.155883 1
0.074414 1
0.120508 1
0.157340 1
0.221418 1
0.641422 1
0.084701 1
0.375214 1
0.100628 1
0.185495 1
0.159051 1
0.188790 1
0.781588 1
0.106916 1
0.058620 1
0.319490 1
0.871448 1
2.803167 1
1.356243 1
1.687559 1
0.131519 1
0.248566 1
0.264182 1
0.072700 1
0.091964 1
0.206703 1
0.253133 1
2.120209 1
0.432331 1
0.301342 1
0.287946 1
0.436884 1
0.210158 1
0.078389 1
0.650856 1
0.831259 1
0.324053 1
7.064214 1
0.300248 1
1.490545 4
0.104160 4
1.343929 1
0.080890 1
0.549378 4
0.384206 1
0.117813 1
0.139374 1
0.100033 1
0.239860 1
2.017996 1
0.094354 1
0.098279 1
0.153784 1
0.157932 1
0.127599 1
0.553806 1
0.165908 1
0.139579 1
0.066002 1
0.180086 1
0.131840 1
0.284652 4
0.139680 1
1.141902 1
0.344632 1
0.122322 1
0.189687 1
0.061601 1
0.079739 3
0.083774 1
0.343263 1
1.924999 1
0.075909 1
0.147193 1
0.233920 1
0.078035 1
0.973835 1
1.045060 1
0.090633 1
0.350305 1
0.222056 1
0.187832 1
0.112837 1
1.183010 1
0.229067 1
0.813007 1
0.487924 1
0.155048 1
1.470866 1
0.127598 1
0.205802 1
0.092171 1
0.730933 1
0.251043 1
0.240645 1
5.666322 11
0.004858 241
0.219920 86
0.073146 43
0.000076 62
0.003720 239
0.000403 8
0.000035 62
91.726480 1
0.036567 1
0.109432 11
0.005126 241
0.001177 38
0.000232 43
0.000079 62
0.003303 239
0.000255 8
0.000017 62
0.887472 1
0.069485 1
0.687103 1
0.305391 1
0.215790 1
0.076954 1
0.377880 1
0.642054 1
0.139912 1
0.356741 1
0.204427 1
0.564713 19
3.032086 1
0.630256 1
0.039151 1
0.040825 1
0.040264 1
0.040364 1
0.039371 1
0.040350 1
0.039649 1
0.039977 1
0.039765 1
0.040656 1
0.039712 1
0.039329 1
0.039962 1
0.040666 1
0.040148 1
0.039764 1
0.039135 1
0.040307 1
0.039929 1
0.040842 1
0.453529 1
1.257614 5
0.022522 5
0.145819 5
0.363925 69
1.134670 1
0.349478 1
0.343433 1
0.163193 1
0.110319 1
0.909956 1
0.692778 1
0.493189 1
0.541714 1
0.478253 1
0.215241 1
0.092076 1
0.242212 1
0.888278 1
0.108027 1
0.146486 1
0.186605 1
0.139668 1
0.261602 1
0.202089 1
0.113648 1
0.152934 1
3.029377 2
0.000016 9
0.004344 241
0.002438 187
0.004570 200
0.000014 182
0.000382 43
0.000097 62
0.003380 239
0.000190 8
0.000009 62
13.586756 11
0.000154 43
0.000085 62
0.003994 239
0.000274 70
0.177268 11
0.000190 43
0.000077 62
0.004116 239
0.000263 70
0.845213 1
0.091022 1
0.111425 1
0.083489 1
0.049075 1
0.138185 1
0.102218 1
0.211395 1
0.174495 1
0.250907 1
0.111844 1
0.603230 1
0.870168 1
0.117320 1
2.400113 1
3.351338 1
0.311132 1
0.082512 1
0.130350 1
0.101805 1
1.136639 1
0.494068 1
0.119740 1
0.109636 1
0.192993 1
0.077095 1
0.128085 1
0.225004 1
0.196848 1
0.130740 1
0.086265 1
0.155819 1
1.381131 1
0.679436 1
1.022689 1
0.280924 129
0.000018 96
0.875537 1
0.090687 1
0.484642 3
0.934136 1
0.244763 7
2.511485 4
0.271835 1
0.263441 1
0.170587 1
0.525256 1
0.106711 1
0.157076 1
0.076373 1
0.750463 1
2.725487 1
0.360082 1
0.349945 1
0.120718 1
0.101784 1
0.156907 1
0.620218 1
0.564716 1
0.679285 1
0.247441 1
0.317490 1
0.256481 1
0.209211 1
0.287505 1
0.265835 1
0.289339 1
0.064160 1
2.220898 1
0.390816 1
0.118818 1
0.443167 1
0.112665 1
0.589085 1
0.140980 1
0.980554 1
0.061223 1
0.286238 1
0.160324 1
0.172651 1
0.082384 1
0.326683 4
0.063177 1
0.163428 1
1.270938 1
0.729023 1
0.059494 1
1.600887 11
0.006125 241
0.001239 32
0.131744 19
4.424708 2
2.376043 33
0.001235 43
0.000151 71
0.004260 239
0.000478 70
0.922403 87
0.333477 1
0.164219 1
0.086171 1
0.846015 5
0.655451 11
0.005697 241
0.042026 19
3.811627 2
0.323861 235
0.013492 31
6.350346 2
1.348339 69
0.231890 52
0.005932 47
0.039889 69
0.000027 69
0.004510 69
0.016416 69
0.015998 69
0.006674 283
0.004707 45
0.002364 43
0.000148 62
0.003873 239
0.000243 8
0.000011 62
9.674686 1
0.093243 1
0.121051 1
0.121759 1
0.399439 1
0.195920 11
0.007349 241
0.002810 12
0.000030 86
0.000350 43
0.000129 62
0.004032 239
0.000288 8
0.000015 62
81.817434 1
0.100646 1
0.118905 1
0.088805 1
0.331162 1
0.724736 1
0.103962 1
0.211684 1
0.278117 1
0.149619 1
0.111317 1
0.478417 1
0.119073 1
0.972391 1
0.459225 1
0.781125 1
0.297552 1
0.148805 1
0.147261 1
0.092681 1
0.125222 1
0.286243 1
0.109301 1
0.054712 1
0.258694 1
0.089424 1
0.178149 1
0.494910 1
0.156111 1
0.146955 1
0.138411 1
0.892444 1
0.274130 1
0.478948 1
0.218211 1
0.123109 1
0.162376 1
0.230820 1
0.333594 1
0.134484 7
1.263800 4
5.290489 1
0.554077 1
0.093486 1
0.189047 1
0.116060 1
0.254761 1
0.058487 1
0.158302 1
0.102345 1
0.346545 1
2.208049 11
0.005902 241
0.312725 235
0.012505 31
4.998048 2
0.524608 1
0.824823 64
0.232442 766
0.006026 45
0.001784 43
0.000170 62
0.003974 239
0.000308 8
0.000032 62
17.898377 1
0.076904 1
0.102873 1
0.059133 1
0.077433 1
0.603367 1
0.089300 1
0.158646 1
0.504178 1
0.256387 1
0.081220 1
0.146395 1
0.155740 1
0.131346 1
0.888831 1
5.760099 1
0.132671 1
0.142644 1
0.166301 1
0.126360 1
0.139059 1
0.605007 1
0.099155 1
0.143203 1
0.181094 1
0.118362 1
0.171846 1
0.116414 1
0.246465 1
0.148531 1
0.157049 1
0.139953 1
0.209367 1
0.996090 1
0.098689 1
0.103861 1
0.155312 1
0.076510 1
4.861925 1
0.075122 1
0.664856 1
0.072975 1
1.095041 1
0.056553 1
1.278811 1
0.120307 1
0.217546 1
1.243153 1
0.157652 1
0.263037 4
0.816261 1
0.183630 1
1.685491 1
0.652779 1
0.082805 1
1.594088 1
0.073070 1
1.615064 11
0.006044 241
0.305519 235
0.012741 31
4.552607 2
1.335289 64
0.232438 44
0.006397 47
0.012687 82
0.000050 653
0.028844 259
0.004260 45
0.001928 43
0.000150 62
0.003724 239
0.000208 8
0.000011 62
28.579007 55
0.586273 4
0.631637 4
0.041081 4
0.039861 4
0.040970 4
0.038767 4
0.039954 4
0.039465 4
0.040636 4
0.039538 4
0.040824 4
0.039134 4
0.039856 4
0.040034 4
0.041145 4
0.038759 4
0.040671 4
0.039591 4
0.040379 4
0.221343 4
0.174800 4
0.200813 4
0.398349 1
0.205387 1
0.250319 1
0.229379 1
0.020530 1
0.677637 2
0.000015 9
0.006656 241
0.335085 235
0.013495 109
0.000067 31
7.139747 2
1.337904 131
0.232374 19
0.006994 47
0.000243 22
0.002634 39
0.010098 65
0.006080 45
0.001895 43
0.000114 62
0.004044 239
0.000316 8
0.000011 62
32.875763 1
0.083044 1
0.567705 1
0.060775 1
0.164829 1
0.139973 1
0.148317 1
0.105780 1
0.613495 4
0.118769 4
4.711539 1
2.130749 1
0.962611 1
0.123110 1
0.223696 1
0.123557 1
0.225322 1
0.078484 1
0.120255 1
0.274859 4
0.121176 4
0.331039 1
0.206259 1
0.303261 1
0.077552 1
0.158951 1
0.071625 1
0.790901 1
0.986902 1
4.467443 1
0.258822 1
0.237096 1
0.102707 1
0.133757 1
0.179452 1
0.083835 1
0.177643 1
0.192980 1
0.193469 1
0.117065 1
0.298064 1
0.983483 1
0.335169 1
0.128511 1
0.138400 1
0.112777 1
0.467970 1
1.504548 1
0.109534 1
0.073134 1
0.160140 1
0.091193 1
0.125641 1
0.170936 1
0.191647 1
0.144275 1
0.094955 1
0.268882 1
0.737452 1
1.320052 1
0.408666 1
0.569884 1
0.039867 1
0.039949 1
0.040438 1
0.040452 1
0.039728 1
0.039193 1
0.040489 1
0.040342 1
0.039688 1
0.039800 1
0.040826 1
0.038984 1
0.040755 1
0.040009 1
0.038624 1
0.039955 1
0.041209 1
0.039394 1
0.678582 9
0.187905 5
0.052445 5
0.320090 60
1.538002 1
0.094947 1
0.113865 1
0.191285 1
0.106277 1
0.172729 1
0.527320 1
0.163470 1
0.097028 1
0.194608 1
0.185149 1
1.160434 1
1.832376 1
0.159265 1
0.271681 1
0.211386 1
0.280931 1
0.086537 1
0.285599 1
15.482997 1
0.752930 1
0.133096 1
0.207120 1
0.059241 1
0.988625 1
0.097308 1
0.225827 1
0.310880 4
0.131638 1
0.159046 1
0.254484 1
0.098959 1
0.111743 1
0.104774 1
0.067258 1
0.082291 1
0.053190 1
1.378198 1
0.091619 1
0.145216 1
0.143875 1
0.211721 1
0.070130 1
0.151534 1
0.097719 1
0.605098 1
0.074402 1
0.108144 1
0.189563 1
0.193579 1
0.107612 1
0.094061 1
0.161744 1
0.176712 1
0.253013 1
0.529460 1
0.111399 1
0.296502 1
0.175484 3
0.167763 1
0.209220 1
0.146226 1
0.795942 1
0.490532 1
0.212436 1
0.194911 1
0.249853 1
0.681955 1
2.728730 1
1.279884 1
0.125259 1
0.165648 1
0.161507 1
0.979475 1
4.904533 1
0.721644 1
0.397754 1
0.249102 1
0.190198 1
0.102754 1
0.130908 1
0.090155 1
0.375060 1
0.332289 1
0.201612 1
0.120001 1
0.297031 1
0.529644 1
1.428191 4
0.127391 4
0.138821 4
0.145253 4
0.151196 4
0.784398 1
0.382942 1
0.141445 1
0.135652 1
0.144856 1
0.282514 1
0.188965 1
0.187869 1
0.205655 1
0.142569 1
0.095863 1
0.138487 1
0.780182 1
0.676812 1
2.121930 11
0.006126 241
0.000120 43
0.000069 62
0.003547 239
0.000408 8
0.000012 62
0.767911 1
0.096447 1
0.101029 1
0.119892 1
0.313078 1
0.098781 1
0.719519 1
0.430594 1
0.335177 1
0.283779 1
0.372679 1
0.190743 1
0.138813 1
0.264838 1
0.079820 1
0.150539 1
0.057694 1
0.517968 1
0.178896 1
0.324212 1
0.095888 1
0.095901 1
0.059644 1
0.060531 1
0.089784 1
0.097475 1
0.126124 1
0.167899 1
0.104553 1
0.122631 1
0.193605 1
0.138377 1
0.067683 1
0.599971 1
0.812801 1
0.689034 1
0.095281 1
0.104025 1
0.089710 1
0.162254 1
0.243347 1
0.102797 1
0.079138 1
0.169910 1
0.105937 1
0.105262 1
0.235085 1
0.176976 1
0.156283 1
0.015700 1
0.508270 4
0.105841 4
0.075953 1
0.093158 1
0.159447 1
0.257057 1
0.016328 1
0.349154 4
0.520628 1
0.153684 1
0.096643 1
0.134971 1
0.166925 1
0.081999 1
0.265747 1
0.203608 1
0.115460 1
0.109259 1
0.210465 1
0.123628 1
0.714185 1
0.198360 1
0.116800 1
0.170842 1
0.093985 1
0.101271 1
0.063842 1
0.086912 1
0.778466 1
0.616547 1
0.197613 1
0.509197 1
0.066199 1
1.046633 1
1.020410 4
0.139327 4
0.141690 4
0.154034 4
0.150968 4
0.155325 4
2.188660 4
0.630215 4
0.041251 4
0.039829 4
0.039598 4
0.040031 4
0.040577 4
0.040045 4
0.040243 4
0.039131 4
0.040443 4
0.039886 4
0.040152 4
0.040061 4
0.039640 4
0.039619 4
0.040833 4
0.039411 4
0.039543 4
0.040650 4
0.040806 4
0.038647 4
0.040870 4
0.039620 4
0.040787 4
0.039524 4
0.039798 4
0.039933 4
0.040365 4
0.040049 4
0.039670 4
0.039212 4
0.040406 4
0.040384 4
0.039977 4
0.040107 4
0.309889 4
1.309772 4
0.629847 4
0.041448 4
0.041097 4
0.039904 4
0.039883 4
0.040146 4
0.040114 4
0.040055 4
0.039888 4
0.039324 4
0.040193 4
0.040450 4
0.231284 4
0.171835 4
0.267198 4
1.743867 1
0.110978 1
0.367945 1
0.095680 1
0.134591 1
0.093026 1
0.289813 1
0.368270 1
0.189399 1
0.174586 1
0.544626 1
0.846683 1
0.183258 1
0.089553 1
0.373868 1
0.157022 1
0.263436 1
0.209729 1
0.224291 1
0.178849 1
0.168511 1
0.209933 1
0.519698 1
0.642681 1
0.358720 1
0.178194 1
0.306424 1
0.095215 1
0.270083 1
0.094391 1
0.144192 1
0.064012 1
0.508794 1
0.143911 1
0.163190 1
0.920632 1
0.079386 1
0.252450 1
0.109731 1
0.169773 1
0.149177 1
0.374703 1
0.386893 1
0.098459 1
0.071310 1
0.300910 1
0.440112 1
0.980510 1
1.508320 1
0.078778 1
0.089431 1
0.260629 1
0.213659 1
0.039201 1
0.103293 1
0.496853 1
0.748364 4
0.128161 4
0.146662 4
0.368085 4
0.362396 4
0.192076 4
0.172677 4
13.494693 4
0.684532 1
0.173424 1
0.314130 1
0.186897 1
0.339487 1
0.161495 1
0.245284 1
0.340363 1
0.092672 1
2.117514 1
0.277222 1
0.120882 1
0.194552 1
0.102570 1
0.210846 1
0.244764 1
0.139833 1
0.231704 1
0.170019 1
0.092085 1
0.176415 1
0.109262 1
0.112152 1
0.184689 1
0.164071 1
0.213102 1
0.180531 1
0.689752 1
0.141461 1
1.094165 4
0.236463 4
0.171744 4
0.407098 4
0.161534 4
0.153260 4
0.610717 4
0.042505 4
0.039327 4
0.040120 4
0.040621 4
0.038761 4
0.040622 4
0.039207 4
0.041008 4
0.040460 4
0.038969 4
0.039553 4
0.040589 4
0.040109 4
0.040221 4
0.040030 4
0.039272 4
0.040638 4
0.040486 4
0.039024 4
0.040493 4
0.040172 4
0.038855 4
0.354227 1
0.569367 1
0.041373 1
0.039640 1
0.040135 1
0.040220 1
0.040488 1
0.039349 1
0.040195 1
0.040530 1
0.039589 1
0.039580 1
0.040337 1
0.040465 1
0.039099 1
0.040994 1
0.038307 1
0.040074 1
0.041162 1
0.039553 1
0.040077 1
0.040275 1
0.039853 1
0.040267 1
0.039568 1
0.533743 5
0.100832 5
0.211375 5
0.429062 5
0.128978 5
0.130449 5
0.251693 5
0.059758 5
0.117260 5
0.154095 5
0.454542 75
3.424690 1
0.081083 1
0.099902 1
0.196011 1
0.231639 1
0.030145 1
0.106266 1
0.133702 1
0.396551 1
1.152067 1
0.209711 1
0.282310 1
0.480235 1
0.388195 1
0.278243 1
0.093399 1
0.317323 1
0.206696 1
0.828490 1
0.856656 1
0.340011 1
0.092829 1
0.107403 1
0.083777 1
0.157544 1
1.694933 1
0.112070 1
0.093224 1
0.186983 1
0.080901 1
0.362230 1
0.268832 1
0.226048 1
0.150130 1
0.102074 1
1.736300 1
1.315513 1
1.302460 1
0.466958 1
0.112558 1
0.581164 3
0.225602 1
0.238419 1
1.223374 4
0.236502 1
0.084647 1
0.434331 1
1.716476 1
0.275536 1
0.388929 1
0.807801 1
0.191528 1
0.915909 1
0.315474 1
0.351023 1
0.510718 1
0.146032 1
0.217869 1
0.473601 1
0.166815 1
0.511800 1
0.467820 1
0.800322 1
0.155952 1
0.396678 1
0.138569 1
0.169946 1
0.300404 1
0.150337 1
0.385019 1
0.619483 1
2.233129 1
0.478758 1
0.085564 1
0.307188 1
2.972581 1
0.085025 1
0.109856 1
0.058672 1
0.080002 1
1.251690 1
0.326100 1
0.317543 1
0.195119 1
0.172809 1
0.084540 1
0.157534 1
0.526711 1
0.080286 1
0.611760 1
0.734280 1
0.165358 1
0.103093 1
0.149909 1
0.101522 1
0.333194 1
0.768323 1
0.101417 1
0.046465 1
0.180637 1
0.071484 1
0.097227 1
1.044930 1
0.086911 1
0.129851 1
0.193363 1
0.434025 1
0.059200 1
0.215646 1
0.122442 1
0.102941 1
0.175853 1
0.140046 1
0.012167 1
0.764132 4
0.123406 4
0.191773 1
0.309298 1
0.227512 1
0.059915 1
0.182546 1
0.092301 1
0.114088 1
0.064979 1
1.238971 1
2.251723 1
0.427172 1
0.080842 1
0.130096 1
0.073819 1
0.132677 1
1.169042 1
0.106974 1
0.114349 1
0.186614 1
0.101135 1
0.071761 1
0.183267 1
0.173255 1
0.149972 1
0.084111 1
0.209868 1
0.879214 1
0.156564 1
0.570600 1
0.040911 1
0.040310 1
0.039453 1
0.040321 1
0.039541 1
0.040672 1
0.039980 1
0.039959 1
0.039602 1
0.039415 1
0.039961 1
0.040547 1
0.040595 1
0.039277 1
0.040111 1
0.040398 1
0.039282 1
0.041031 1
0.038807 1
0.040200 1
0.040592 1
0.040302 1
0.039543 1
0.041073 1
0.038918 1
0.039935 1
0.040389 1
0.039281 1
0.040020 1
0.040584 1
0.039298 1
0.040919 1
0.039771 1
0.249746 1
0.404480 1
0.303233 5
0.290691 5
0.146147 5
0.084008 5
0.219823 5
0.693373 5
0.055389 5
0.353405 111
0.517903 1
2.218608 1
0.148785 1
0.248339 1
0.081905 1
0.155120 1
0.045236 1
0.236002 1
0.342686 1
0.123502 1
0.226490 1
2.788260 1
0.221597 1
0.109834 1
0.157396 1
0.124532 1
0.249146 1
1.534937 1
0.292765 1
0.260401 1
0.260058 1
0.352953 1
0.072893 1
0.202066 1
0.078059 1
0.104690 1
0.042721 1
0.445846 1
0.732844 1
0.125964 1
0.219458 1
0.126904 1
0.537685 1
0.464106 1
0.800783 1
0.077136 1
0.255393 1
0.492922 1
0.206902 1
0.143933 1
0.163584 1
0.713592 1
0.081650 1
0.555743 1
0.155221 1
5.296835 1
0.585954 4
0.393347 1
3.520731 2
0.000018 9
0.007190 241
0.003452 43
0.000118 62
0.003719 239
0.000331 8
0.000009 62
46.021088 11
0.000153 43
0.000088 62
0.004230 239
0.000208 8
0.000008 62
0.114956 11
0.000148 43
0.000155 62
0.003710 239
0.000285 8
0.000015 62
2.233091 1
0.098737 1
0.106724 1
0.125221 1
0.048747 1
0.087093 1
0.098787 1
0.140119 1
0.158546 1
0.168017 1
0.222756 1
1.333552 1
0.239862 1
0.275469 1
0.172108 1
0.159379 1
0.340371 1
0.762479 1
0.175028 1
0.180878 1
0.134986 1
0.187950 1
0.477414 1
0.107446 1
0.917176 1
0.171553 1
0.350423 1
0.073995 1
0.259123 1
0.114730 1
0.141851 1
0.065135 1
0.203857 1
0.145358 1
0.155481 1
0.458902 1
0.113066 1
0.208892 1
0.137345 1
0.194629 1
0.119224 1
0.246778 1
0.501935 1
0.087298 1
0.081308 1
0.345441 1
0.305232 1
0.128078 1
1.657462 1
0.089143 1
0.120898 1
0.174088 1
0.235755 1
0.044604 1
0.099755 1
0.930647 1
0.347383 1
0.240838 1
0.699660 1
0.666498 1
0.109397 1
0.154702 1
0.643190 1
0.187022 1
0.126517 1
0.066271 1
0.204541 1
0.244292 1
0.095775 1
0.217894 1
0.082849 1
0.092137 1
0.127628 1
0.094832 1
0.101691 1
0.637518 1
0.326263 4
0.175502 1
0.459710 1
0.906789 1
0.702545 1
0.187281 1
0.066943 1
0.102175 1
0.144697 1
0.615777 1
0.064144 1
0.167700 1
0.218137 1
0.140260 1
0.070689 1
0.184682 1
0.221780 1
0.093064 1
0.368426 1
1.761191 11
0.005681 241
0.052322 82
0.002113 14
0.003224 43
0.000164 62
0.004725 239
0.000399 8
0.000015 62
7.433402 93
1.065953 4
0.615254 4
0.041226 4
0.040376 4
0.040728 4
0.040194 4
0.040065 4
0.040185 4
0.039732 4
0.040675 4
0.038474 4
0.040251 4
0.040527 4
0.040075 4
0.039299 4
0.039948 4
0.040613 4
0.039703 4
0.040537 4
0.039227 4
0.040205 4
0.040157 4
0.040418 4
0.038935 4
0.040603 4
0.040466 4
0.039316 4
0.040467 4
0.040322 4
0.039710 4
0.039958 4
0.039919 4
0.699368 1
3.113350 1
0.176428 1
0.097103 1
0.076916 1
0.323166 1
0.123770 1
0.335578 1
0.429501 1
0.182079 1
0.279495 1
0.097088 1
0.106577 1
0.557020 1
0.089272 1
0.187090 1
0.264904 1
0.133881 1
0.069591 1
0.172368 1
0.271074 1
0.188053 1
0.312267 1
1.809004 2
0.000022 9
0.006337 241
0.052691 82
0.015854 43
0.000147 62
0.004039 239
0.000294 8
0.000015 62
54.126973 1
0.103336 1
0.077197 1
0.127733 1
0.118508 1
1.279866 11
0.006519 241
0.001098 11
0.000204 43
0.000110 62
0.003839 239
0.000338 8
0.000020 62
0.082272 1
0.125642 1
1.124253 1
0.048530 1
0.076297 1
0.154375 1
0.085764 1
0.156756 1
0.163861 1
0.221560 1
0.074789 1
0.134620 1
0.167655 1
0.688126 1
0.584691 1
0.768659 1
0.264318 1
0.096494 1
0.115443 1
0.102148 1
0.142853 1
0.478594 1
0.120989 1
0.082340 1
0.149226 1
0.098415 1
0.110139 1
0.392448 1
0.155991 1
0.141254 1
0.094385 1
0.135269 1
0.668970 1
0.085019 1
0.204774 1
0.104795 1
0.153604 1
0.171261 1
0.089302 1
0.137650 1
0.159857 1
0.313846 5
0.473584 4
0.220136 1
0.680438 1
0.187503 1
0.126612 1
0.118553 1
0.262579 1
0.093505 1
0.111815 1
0.086181 1
0.301282 1
0.138911 1
0.146358 1
0.114255 1
0.112759 1
0.827179 1
0.226773 1
0.356083 1
0.209083 1
0.093788 1
0.359721 4
0.118742 4
0.048820 1
0.171105 1
0.232686 1
0.215679 1
0.137636 1
0.181630 1
0.062560 1
0.107605 1
0.048764 1
1.624102 11
0.005924 241
0.133703 19
4.152128 2
0.343685 235
0.013057 31
3.535832 2
1.346014 64
0.231589 454
0.008755 45
0.002999 43
0.000177 62
0.005370 239
0.000271 8
0.000013 62
1.839828 1
0.056319 1
0.109980 1
0.036702 1
0.076417 1
0.240993 1
0.102611 1
0.323179 1
0.284841 1
1.979177 1
0.071788 1
0.159518 1
0.761009 1
0.092140 1
0.090641 1
1.757817 1
0.113815 1
0.103210 1
0.124375 1
0.114563 1
0.197829 1
0.412230 1
0.106219 1
0.093594 1
0.225435 1
0.091468 1
0.878014 1
0.381229 1
0.334010 1
0.141691 1
0.095940 1
0.100215 1
0.276096 1
0.799489 1
0.107821 1
0.107231 1
0.130375 1
0.149577 1
0.102192 1
0.135271 1
0.126971 1
0.109450 1
0.112611 1
0.210345 1
0.137174 1
0.993288 1
0.621110 1
0.091807 1
0.135505 1
0.171128 1
0.221112 1
0.048718 1
0.133388 1
1.042764 4
0.125168 4
0.141742 4
0.733773 1
0.222552 1
0.173850 1
0.392903 1
0.548272 1
0.913147 1
1.318054 1
0.447155 1
1.969612 1
0.617133 1
0.630206 1
0.089490 1
0.496080 1
2.520281 1
0.117754 1
0.119641 1
0.142432 1
0.212301 1
0.256470 1
0.159802 1
0.209358 1
0.704574 1
1.276726 1
0.974283 4
0.866155 1
0.163286 1
0.084586 1
0.101214 1
0.134079 1
0.143025 1
0.806568 1
0.092566 1
0.074849 1
0.167049 1
0.066178 1
0.109196 1
0.543098 1
0.175302 1
0.131490 1
0.094095 1
0.142258 1
0.305653 1
0.503691 1
1.399730 1
0.115688 1
0.165408 1
0.187052 1
0.202504 1
0.050736 1
0.140198 1
0.621857 1
3.049719 11
0.005824 241
0.312698 235
0.013501 31
13.975088 2
1.361450 69
0.238577 47
0.000852 168
0.001404 59
0.004715 45
0.002432 43
0.000130 62
0.004177 239
0.000285 8
0.000010 62
7.838441 1
0.087674 1
0.026059 1
0.183605 1
0.116732 1
0.125197 1
3.593020 1
0.103559 1
0.217218 1
0.742941 1
0.329104 1
0.515762 4
0.167349 4
1.609765 1
0.127322 1
0.185510 1
0.143764 1
0.118219 1
0.182724 3
0.795312 1
0.055796 1
0.186913 2
0.308822 11
0.006121 241
0.000135 41
0.000145 62
0.003731 237
0.000288 8
0.000025 60
0.449975 1
0.092308 1
0.049005 11
0.006149 239
0.003030 38
0.000015 103
0.002536 237
0.000205 8
0.000016 60
5.301801 1
0.129361 1
0.178167 1
0.187522 1
0.684775 4
0.125099 4
0.137891 4
0.235481 4
1.341365 1
0.067084 1
0.079540 1
0.065913 1
0.044472 1
0.132861 1
0.082825 1
0.197068 1
0.222107 1
0.076674 1
0.336957 1
1.301556 1
0.135800 1
0.153130 1
0.207381 1
0.507616 1
0.132206 1
0.615725 1
0.144737 1
1.468942 1
0.215704 1
0.248539 1
0.323048 1
0.240613 11
0.005849 239
0.301754 235
0.003095 45
0.001591 41
0.000103 62
0.003365 237
0.000214 8
0.000024 60
2.838882 1
0.085136 1
0.118470 1
0.182148 1
0.437008 1
0.286039 1
0.326760 1
0.412717 1
0.096742 1
0.814099 1
1.082247 21
1.228560 1
0.088691 1
0.438886 1
0.074169 1
0.133990 1
0.099371 1
0.075911 1
0.078742 1
0.101461 1
0.124658 1
0.190650 1
0.170722 1
0.395572 1
0.142734 1
0.566805 1
0.121551 1
0.694525 4
0.114377 4
0.173315 1
0.263702 1
1.816660 1
0.381518 1
0.083118 1
0.197094 1
0.194286 1
0.208390 1
1.084638 1
0.235663 1
0.176740 1
0.106695 1
0.196875 1
0.433230 1
0.080144 1
0.183628 1
0.227914 1
0.756158 1
0.079635 1
0.239859 1
0.118254 1
0.136205 1
0.060849 1
0.144992 1
0.161939 1
0.378290 1
0.388489 1
0.441468 1
0.293632 1
0.108044 1
0.190744 1
0.142805 1
0.247591 1
0.546830 1
0.081463 1
0.079195 1
0.284137 1
0.277408 1
2.039202 1
2.320875 1
0.855766 4
0.847617 1
0.074837 1
0.108006 1
0.307063 1
0.215874 1
0.104358 1
0.131903 1
0.165652 1
0.249748 1
116.553121 11
0.006188 239
0.048504 82
2.708552 41
0.000100 62
0.004242 237
0.000394 8
0.000012 60
15.003442 1
0.104174 1
0.087229 1
0.328056 1
0.180696 1
0.138383 11
0.005353 239
0.001087 11
0.000212 41
0.000086 62
0.003703 237
0.000308 68
0.973926 1
0.085709 1
0.069597 1
1.934018 1
0.135209 1
0.147817 1
0.178557 1
0.191019 1
0.558345 4
0.141949 4
0.142450 4
0.145558 4
0.150188 4
0.157200 4
0.169204 4
0.272390 1
0.306945 4
0.377526 4
0.212210 1
0.114665 1
0.098540 1
0.278008 1
0.223874 1
0.121935 1
0.137072 1
0.161540 1
0.136031 1
0.143102 1
0.383538 1
0.364931 1
0.251733 4
0.109102 1
0.090770 1
0.110411 1
0.232652 1
0.115721 1
0.329155 4
0.077499 1
0.200470 1
0.139919 1
0.079616 1
0.122948 1
0.128730 11
0.005356 239
0.162431 80
0.000597 56
0.000340 8
0.009622 83
0.000594 4095
0.000026 3958
1.337543 22
0.000024 94
0.200409 28
0.347112 51
0.828248 49
0.392069 55
0.263773 41
2.216859 41
0.320493 41
2.306198 41
0.246904 41
0.339699 41
0.562167 41
0.692402 30
0.280644 76
0.997516 49
0.262708 49
4.767899 188
1.213578 49
0.133701 49
0.359672 49
6.900943 49
0.202650 49
0.094467 49
0.164411 49
0.128171 49
0.077846 49
0.090386 51
0.155351 50
0.159901 50
0.465794 50
19.732055 50
0.076213 50
0.100972 50
0.319578 51
0.138544 51
0.135517 51
1.137230 55
0.385824 55
0.136899 57
0.674188 55
1.319200 57
0.680601 55
0.505256 56
1.162964 54
0.556694 53
0.394140 54
1.338092 57
0.780707 55
0.271232 55
0.444112 55
0.181941 56
0.086699 56
0.630777 55
0.536760 17
0.000028 111
0.101134 28
0.000217 41
6.514939 24
0.100501 61
0.298786 49
1.064748 1
0.089568 1
0.172887 21
0.000077 18
0.007974 28
0.000493 70
0.002019 41
0.000133 62
0.003590 237
0.000344 8
0.000015 60
27.768757 1
0.460215 4
4.889267 1
0.115322 1
0.027258 1
0.154476 1
0.117486 1
0.145163 2
0.000017 9
0.005195 239
0.000100 33
0.000085 62
0.003615 229
0.000288 8
0.000014 52
0.211944 1
0.069173 1
0.085514 11
0.004755 231
0.000936 107
0.000232 33
0.000094 62
0.003496 229
0.000281 8
0.000015 52
3.386599 1
0.090567 1
0.108291 1
0.500460 1
0.142113 1
0.180231 1
0.081734 1
0.143378 1
0.041463 1
0.204547 11
0.005411 231
0.001096 39
0.000248 33
0.000113 62
0.003488 229
0.000209 60
4.674442 1
0.621007 1
0.108482 1
0.296510 1
0.077170 1
1.367391 1
1.247636 1
0.325721 1
0.189988 1
0.220853 1
0.118783 1
0.423025 1
0.343948 1
0.558657 1
0.700526 4
0.565855 1
0.882967 1
0.464844 4
0.233756 1
0.238612 1
0.208950 1
0.354083 1
0.541780 4
0.206147 1
0.245541 1
0.274089 1
0.173435 1
0.100057 1
0.185434 1
0.283929 1
1.777994 1
0.420295 1
0.140019 1
0.163326 1
0.200341 1
0.265778 1
0.379089 1
0.360491 1
1.986641 1
1.516434 1
0.362218 1
1.364397 1
0.129699 1
0.170760 1
0.117673 1
0.551947 11
0.006286 231
0.001346 33
0.000079 62
0.003031 229
0.000267 8
0.000010 52
18.238615 1
0.092512 1
0.094103 1
0.123609 1
0.034030 1
0.083054 1
0.087091 1
0.218830 1
0.204771 1
0.178344 1
0.182698 1
0.108373 1
0.302604 1
0.072921 1
0.176235 1
0.170908 1
0.596620 1
0.461489 1
0.239564 1
0.200183 1
4.167265 1
0.192247 1
0.649162 1
0.069416 1
0.962838 1
0.083230 1
1.164522 1
0.054041 1
0.207675 1
0.091033 1
0.109700 1
0.061962 1
0.110935 1
0.156179 1
0.189843 1
0.419579 1
0.125996 1
0.157441 1
0.173399 1
0.183502 1
0.141581 1
0.863123 1
0.503782 1
0.087864 1
0.090593 1
0.189127 1
0.471513 1
0.678325 1
1.071797 1
0.260641 1
0.090636 1
0.160876 1
0.113399 1
0.089253 1
0.103631 1
0.163036 1
0.146443 1
0.100903 1
0.107422 1
0.113271 1
0.641225 1
0.117828 1
0.326495 1
0.174303 1
0.113963 1
0.060915 1
0.181446 1
0.284841 1
0.300834 1
0.250020 1
0.096088 1
0.094902 1
0.137166 1
0.096871 1
0.133123 1
0.521692 1
0.330414 1
0.731671 1
0.166289 1
0.201066 1
0.094979 1
0.081372 1
0.113650 1
0.538178 1
0.065797 1
0.245975 1
0.239888 1
0.131838 1
0.044965 1
0.176117 1
0.178871 1
0.413842 1
0.310006 1
0.677335 11
0.005643 231
0.054921 82
0.002177 14
0.003236 33
0.000122 62
0.004311 229
0.000266 8
0.000011 52
406.228618 93
1.053713 135
0.794098 103
0.331764 10
0.317230 7
0.314881 25
0.400285 28
0.310279 98
0.942577 117
0.423951 28
0.527024 19
0.466004 139
2.416614 83
0.362391 99
0.393835 89
1.708270 89
0.345473 352
1.181583 261
1.203088 339
1.344233 261
1.056992 2
0.000039 9
0.000023 8
0.000010 9
0.000021 2
0.000141 33
0.001240 87
0.004665 229
0.000410 60
1.839419 1
0.142249 1
0.185853 1
0.122237 1
0.182873 1
0.066539 1
0.165805 1
0.211133 1
0.148557 1
0.180662 1
0.055365 1
0.128387 1
0.033371 1
2.231570 11
0.005977 231
0.130253 19
3.293674 2
0.330289 235
0.013327 31
4.145533 2
1.327501 69
0.232608 37
0.006393 47
0.009739 72
0.016847 157
0.020499 84
0.012666 73
0.021604 194
0.011861 194
0.016515 85
0.016579 74
0.016672 74
0.016957 343
0.020451 266
0.012802 96
0.016489 74
0.016780 280
0.016893 96
0.016271 174
0.022702 258
0.013024 172
0.019195 166
0.011822 86
0.017523 75
0.016011 75
0.016583 75
0.017098 75
0.016086 75
0.017198 75
0.016420 75
0.017163 75
0.016193 75
0.017236 75
0.016138 75
0.017231 75
0.016605 75
0.016262 75
0.017389 75
0.016449 75
0.016156 75
0.017107 75
0.016157 75
0.017172 75
0.016195 75
0.017189 75
0.016365 75
0.017120 75
0.016162 75
0.017264 75
0.016216 75
0.016083 75
0.017169 75
0.016178 75
0.017201 75
0.016139 75
0.017291 75
0.016338 75
0.017526 75
0.016225 75
0.016483 75
0.016168 75
0.017314 75
0.167522 75
0.000037 675
0.015976 75
0.015882 75
0.017321 75
0.016317 75
0.016290 75
0.017413 75
0.016389 75
0.016158 75
0.017238 75
0.016134 75
0.017121 75
0.016224 75
0.017358 75
0.016110 75
0.017182 75
0.016176 75
0.017112 75
0.016272 75
0.017231 75
0.016226 75
0.017252 75
0.016063 75
0.022983 75
0.010360 75
0.016582 75
0.006261 137
0.000015 148
0.015338 45
0.002159 33
0.000096 62
0.003790 229
0.000207 8
0.000007 52
2.853799 1
0.219500 1
0.282316 1
0.309483 1
0.271546 1
0.295067 1
0.168331 1
0.318459 4
0.113907 4
0.078246 1
0.106185 1
0.175379 1
0.095301 1
0.148176 1
0.069212 1
1.307597 2
0.000021 9
0.005311 231
0.057212 86
0.003904 139
0.072964 235
0.013099 31
9.802306 49
0.000036 18
0.002006 45
0.002377 33
0.001098 87
0.004912 229
0.000243 8
0.000016 52
30.207529 11
0.415266 40
0.378395 106
0.600700 135
0.570556 103
0.039804 10
0.040362 7
0.039271 25
0.040450 28
0.261479 98
0.141653 117
0.380730 28
0.247150 19
0.322950 139
0.577268 83
0.327532 99
0.352617 89
0.442342 89
0.318444 352
1.826461 1
0.631514 1
0.041429 1
0.039825 1
0.040698 1
0.039344 1
0.040270 1
0.040723 1
0.039727 1
0.039846 1
0.039886 1
0.040390 1
0.039888 1
0.039516 1
0.039739 1
0.040491 1
0.039881 1
0.039628 1
0.040830 1
0.039079 1
0.040344 1
0.039542 1
0.040218 1
0.039991 1
0.039877 1
0.040135 1
0.040595 1
0.040496 1
0.038848 1
0.040429 1
0.039994 1
0.040446 1
0.039641 1
0.039426 1
0.040924 1
0.039568 1
0.039940 1
0.039666 1
0.040092 1
0.040930 1
0.039387 1
0.040293 1
0.039816 1
0.040122 1
0.039638 1
0.039804 1
0.040545 1
0.038999 1
0.040308 1
0.040517 1
0.040340 1
0.039726 1
0.040050 1
0.039886 1
0.040310 1
0.039881 1
0.039682 1
0.039630 1
0.040289 1
0.039976 1
0.040272 1
0.040222 1
0.039620 1
0.039552 1
0.040080 1
0.040749 1
0.040224 1
0.039039 1
0.040856 1
0.039494 1
0.039893 1
0.040182 1
0.039728 1
0.040055 1
0.040167 1
0.039669 1
0.040758 1
0.039675 1
0.039652 1
0.040241 1
0.040391 1
0.039740 1
0.039807 1
0.039800 1
0.040487 1
0.039870 1
0.039159 1
0.041025 1
0.040109 1
0.039366 1
0.040516 1
0.039103 1
0.041204 1
0.039587 1
0.039606 1
0.040222 1
0.040975 1
0.038373 1
0.039938 1
0.041088 1
0.040163 1
0.039214 1
0.039882 1
0.040563 1
0.040005 1
0.039881 1
0.039515 1
0.040808 1
0.039348 1
0.040069 1
0.039910 1
0.039954 1
0.040586 1
0.039360 1
0.040381 1
0.040039 1
0.040285 1
0.039438 1
0.040108 1
0.040209 1
0.039995 1
0.039856 1
0.039903 1
0.040210 1
0.039959 1
0.039478 1
0.040794 1
0.039689 1
0.039845 1
0.040069 1
0.040329 1
0.040111 1
0.039492 1
0.039848 1
0.040171 1
0.040090 1
0.040172 1
0.039764 1
0.040793 1
0.039654 456
0.039413 1
0.040014 1
0.040494 1
0.040011 1
0.039698 1
0.040140 1
0.039837 1
0.039479 1
0.039559 1
0.040936 1
0.040374 1
0.039428 1
0.040033 1
0.040140 1
0.040499 1
0.039525 1
0.039895 1
0.040353 1
0.040388 1
0.039776 1
0.039129 1
0.039884 1
0.041102 1
0.039427 1
0.040002 1
0.040377 1
0.039304 1
0.040016 1
0.041150 1
0.039054 1
0.039799 1
0.040420 1
0.039761 1
0.040508 1
0.039284 1
0.040115 1
0.040821 1
0.039763 1
0.039876 1
0.039740 1
0.040467 1
0.040020 1
0.039466 1
0.039998 1
0.040179 1
0.040234 1
0.039601 1
0.040168 1
0.040634 1
0.040508 1
0.038990 1
0.040138 1
0.040013 1
0.039709 1
0.040163 1
0.039501 1
0.040467 1
0.038902 1
0.040545 1
0.040335 1
0.040483 1
0.040452 1
0.038807 1
0.040398 1
0.040692 1
0.038870 1
0.040073 1
0.040667 1
0.039811 1
0.039580 1
0.040669 1
0.039532 1
0.040644 1
0.039127 1
0.977364 283
0.114704 285
0.338545 285
0.079026 287
0.212121 291
0.280823 291
0.119572 293
0.231013 295
0.141083 297
0.092586 299
0.627095 301
0.112302 303
0.113207 455
0.168241 457
0.151909 460
0.339849 463
0.142721 468
8.233829 16
0.006348 231
0.002988 33
0.000131 62
0.003672 229
0.000414 60
0.830391 1
0.042787 1
0.287300 1
0.206931 1
0.188970 1
0.315601 1
0.138248 1
0.193533 1
0.075802 1
0.116662 1
0.021684 1
0.789119 11
0.005399 231
0.008776 57
0.641982 33
0.000123 73
0.004460 229
0.000270 8
0.000013 52
6.386500 11
1.111790 289
1.194846 59
0.293128 3
0.152801 3
0.123855 3
0.129560 3
0.132046 3
0.133437 3
0.171776 3
0.693665 352
0.371270 356
0.921667 7
0.000056 9
0.006001 231
0.003163 33
0.000100 62
0.003770 229
0.000280 8
0.000015 52
0.902681 1
0.051434 1
0.263433 1
0.259656 1
0.316359 1
0.424220 1
0.136047 1
0.194859 1
0.083580 1
0.135319 1
0.069800 1
0.790098 2
0.000016 9
0.005170 231
0.050837 86
0.344943 235
0.012286 31
4.607131 2
1.334827 69
0.239117 37
0.006672 47
0.037257 69
0.000028 69
0.005900 69
0.017178 69
0.016283 69
0.011057 208
0.000015 75
0.004976 45
0.002856 33
0.000115 62
0.003872 229
0.000201 8
0.000017 52
12.300904 1
0.249271 1
0.044787 1
0.147876 1
0.123479 1
0.223770 1
0.184270 1
0.233998 1
0.958947 4
0.130205 4
0.145259 4
0.153022 4
0.160045 4
0.152449 4
0.146558 4
0.143438 4
1.210337 1
0.165127 1
0.156779 1
0.085536 1
0.062374 11
0.006546 231
0.000009 6
