0.044119 30
0.002870 226
0.000307 8
0.000014 49
18.159140 1
0.092638 1
0.098703 11
0.004099 228
0.001142 64
0.000193 30
0.000033 62
0.002874 226
0.000173 8
0.000009 49
52.380680 1
0.093756 1
0.022132 1
0.235916 1
0.272834 11
0.004398 228
0.001268 414
0.000192 92
0.002875 226
0.000183 8
0.000011 49
71.162738 1
0.085101 1
0.095633 1
0.145731 1
0.140110 1
0.209526 11
0.004791 228
0.000105 23
0.000084 62
0.002712 219
0.000104 8
0.000008 42
0.458733 1
0.049995 1
0.191867 1
0.142615 1
0.127249 1
0.084735 1
0.146949 1
0.103746 1
0.409652 11
0.004771 221
0.003008 83
0.000230 23
0.000053 62
0.002929 219
0.000169 8
0.000012 42
9.342836 1
0.095068 1
0.137666 1
0.097561 1
0.105759 1
0.232582 1
0.131075 1
0.682491 1
0.192051 1
0.246371 11
0.004563 221
0.002364 23
0.000015 62
0.002965 219
0.000200 50
2.159717 1
0.056498 1
0.158300 1
0.116399 1
0.148711 1
0.100604 1
0.155406 1
0.128794 1
0.140805 1
0.066069 1
0.400299 1
0.147052 1
1.143296 1
0.184468 1
0.606775 1
4.381734 1
0.081575 1
0.162321 1
0.106774 1
0.234866 1
0.418751 1
1.746714 1
6.470649 1
0.152127 1
0.088441 1
0.161673 1
0.154191 1
0.060410 1
0.151980 1
0.076274 1
0.236213 1
1.735850 4
0.528778 1
0.979668 1
1.030015 4
0.124986 4
2.117205 1
0.191665 1
8.460955 1
0.142986 1
0.168234 1
0.141812 1
2.255587 1
0.124851 1
0.303213 1
0.177672 1
17.502243 1
0.091427 1
0.482389 1
0.092711 1
0.101014 1
0.149273 1
0.082543 1
0.579592 1
2.668014 1
0.169181 1
0.254426 1
0.188540 1
0.150867 1
0.120994 1
0.291525 1
0.379411 1
0.933760 1
0.701855 11
0.004035 221
0.006578 58
0.000156 175
0.000320 23
0.000065 62
0.002537 219
0.000168 50
20.659672 1
0.409707 1
0.159111 1
0.175122 1
0.204543 1
0.125600 1
0.233518 1
0.093145 1
0.190978 1
0.134595 1
0.209417 1
0.129222 1
0.310324 1
0.165734 1
0.801926 1
0.148584 1
0.143006 1
0.138885 1
0.853682 11
0.004605 221
0.002701 23
0.000073 62
0.002836 219
0.000148 8
0.000012 42
0.386082 1
0.156876 1
0.138757 1
0.307325 1
1.047212 1
0.119320 1
0.139910 1
0.100626 1
0.103629 1
0.115118 1
0.113362 1
0.110457 1
0.167080 1
0.142934 1
0.075460 1
0.209270 1
0.119214 1
0.152428 1
0.184794 1
0.054696 1
0.101730 1
0.109187 1
0.156613 1
0.084789 1
0.154135 1
0.096355 1
0.138679 1
0.233683 1
0.204662 1
0.136326 1
0.077601 1
0.104729 1
0.093479 1
0.099019 1
0.123252 1
0.101767 1
0.424125 1
0.213402 1
0.038834 1
0.114765 1
0.254804 1
0.828198 1
0.152106 1
0.092997 1
0.069690 1
0.194757 1
0.178825 1
0.073981 1
0.057478 1
10.911856 1
0.139120 1
0.140523 1
0.371220 1
0.284187 1
0.233406 1
0.222116 1
0.112703 1
0.487604 1
1.626127 1
0.070094 1
0.107053 1
0.169107 1
0.162039 1
0.109875 1
0.165348 1
0.261071 1
15.740353 1
0.264683 1
0.260237 1
0.110113 1
0.653134 11
0.004465 221
0.001326 49
0.000215 23
0.000025 71
0.002482 219
0.000122 50
2.390105 1
0.084710 1
0.111912 1
0.101345 1
0.264066 1
0.379755 1
0.196331 1
0.100862 1
0.212058 1
0.158666 1
1.963168 11
0.004676 221
0.001308 8
0.000216 23
0.000068 62
0.002552 219
0.000165 50
0.982585 10
0.247685 1
0.190412 1
0.111308 1
0.470798 11
0.004338 221
0.001434 129
0.000202 23
0.000043 62
0.002754 219
0.000154 8
0.000011 42
2.548175 1
0.093834 1
0.301037 1
0.339711 1
0.695447 1
0.098910 1
0.158830 1
0.103563 1
0.251690 1
0.826530 1
0.127002 1
0.110410 1
0.093213 1
0.088084 1
0.221435 1
0.151928 1
0.123280 11
0.004177 221
0.549517 43
0.000017 86
0.000011 43
0.000010 43
0.000022 86
0.000021 96
0.000010 42
0.000081 84
0.000123 84
0.000047 52
0.000175 36
0.000093 36
0.000029 36
0.000142 36
0.000058 36
0.000024 132
0.557839 88
0.003169 85
0.003138 219
0.000154 50
23.341754 1
0.211211 1
0.973751 1
0.107141 1
0.189195 1
0.111337 1
0.121916 1
0.715990 1
1.241421 1
0.112758 1
1.433826 4
0.136374 4
1.348215 1
1.835485 1
0.074180 1
0.210358 1
0.089842 1
0.168043 1
0.104730 1
0.075844 1
0.223299 1
0.772168 1
0.049029 1
0.889540 1
0.996042 1
0.090157 1
0.116176 1
0.283300 1
0.361476 1
0.355303 1
0.198834 1
0.325873 1
0.206152 1
0.100820 1
0.207628 1
0.159658 1
0.105141 1
0.098821 1
0.064857 1
0.188921 1
0.095574 1
0.266872 1
0.078789 1
0.198665 1
0.150321 1
0.083954 1
0.613093 1
2.446644 1
0.391306 1
0.126020 1
0.089889 1
0.188468 1
0.198360 1
0.120495 1
0.070853 1
2.440051 11
0.000180 23
0.000065 62
0.003426 219
0.000429 50
0.145622 1
0.098586 1
0.118406 1
0.099477 1
0.507976 1
0.271124 1
0.092491 1
0.953746 1
0.502638 4
0.088771 1
0.128935 1
0.103552 1
0.260556 1
4.739491 4
0.251769 11
0.004603 221
0.001449 28
0.000187 23
0.000644 87
0.002708 219
0.000178 50
1.271069 10
0.278342 4
0.132190 4
0.140659 4
0.136090 4
0.132457 4
0.225330 1
0.243124 4
0.116825 4
0.393823 1
0.166548 1
0.092669 1
0.157421 1
0.098324 1
0.148701 1
0.061964 1
0.061421 1
0.119817 1
0.089072 1
0.099066 1
0.082415 2
0.000018 9
0.004501 221
0.014220 32
0.010696 1034
0.000133 646
0.000011 326
1.119096 28
0.002483 23
0.000078 62
0.002793 219
0.000179 8
0.000013 42
0.407399 1
0.089781 1
0.097059 1
0.082635 1
1.389549 1
0.057833 1
0.043554 1
0.136379 1
0.094572 1
0.106253 1
0.073579 1
0.164058 1
0.124684 1
0.072511 1
0.147799 1
0.094225 1
0.145531 1
0.119494 1
0.174191 1
0.069980 1
0.139414 1
0.113752 1
0.174291 1
0.103265 1
0.117380 11
0.004373 221
0.002575 367
0.000593 23
0.000074 62
0.002941 219
0.000168 8
0.000015 42
767.688884 1
0.204782 1
0.081551 1
0.196022 1
0.098801 1
0.225984 1
0.834162 1
0.167105 1
0.182915 1
0.517289 4
0.135839 4
0.153638 4
0.102314 1
0.254386 1
0.297104 1
0.200333 1
0.263317 1
0.725894 1
0.273351 1
2.578869 1
0.140138 1
0.211847 1
0.212849 1
0.115837 1
0.137059 1
0.233537 1
0.216448 1
0.515709 11
0.005061 221
0.001140 23
0.000024 62
0.002713 219
0.000176 50
2.927352 1
0.062451 1
0.129991 1
0.135186 1
0.124643 1
0.154842 1
0.140298 1
0.116699 1
0.189194 1
0.269640 11
0.004450 221
0.002840 23
0.000037 62
0.002972 219
0.000116 50
0.268407 1
0.632577 1
0.054862 1
0.098352 1
0.166641 1
0.079269 1
0.235948 1
0.136115 1
0.134420 1
0.060590 1
1.140413 11
0.004401 221
0.002461 70
0.014255 80
0.000234 67
0.000015 10
0.002276 69
0.000110 23
0.004367 1890
0.000019 7
1.125528 21
0.000021 92
3.823860 37
0.274225 37
0.113176 37
0.131256 37
0.255892 37
0.115107 37
0.167509 37
0.105667 37
0.195824 39
0.459622 28
0.402219 46
0.584459 46
0.154067 46
0.097690 46
0.190613 46
0.265392 46
0.325135 46
0.186628 46
0.856621 30
7.086480 40
0.100551 17
0.000122 35
0.456646 47
0.287849 1
0.070424 1
0.172815 1
0.000017 20
0.000040 21
0.023687 30
0.000338 70
0.001104 4
0.002592 34
0.000250 89
0.000292 23
0.000051 62
0.002708 219
0.000112 8
0.000012 42
1.670535 1
0.102812 1
0.109774 1
0.086177 1
0.168974 1
0.091212 1
0.157357 1
0.089634 1
0.164537 11
0.004405 221
0.558087 44
0.000017 88
0.000023 44
0.000010 44
0.000019 44
0.000023 44
0.000011 44
0.000028 44
0.000026 44
0.000020 100
0.000019 42
0.000085 84
0.000334 42
0.000049 42
0.000108 52
0.000178 36
0.000099 36
0.000038 36
0.000192 36
0.000134 36
0.000029 36
0.000035 132
0.689807 88
0.003279 23
0.000061 62
0.003152 219
0.000169 50
59.003674 1
1.293201 1
0.063908 1
0.086509 1
0.074489 1
0.183609 1
0.232176 1
0.209130 1
1.044793 1
0.688454 1
1.135713 1
2.573522 11
1.534850 5
0.087119 5
0.067777 5
0.144855 5
0.346712 5
0.271071 5
0.074427 5
0.108365 5
0.317048 5
0.845274 5
0.105791 5
0.179464 5
0.066374 5
0.203322 5
0.130781 5
0.251994 5
0.309895 5
0.140613 5
0.207253 5
0.141666 5
0.149265 5
0.287414 9
0.075790 5
0.140486 5
0.136074 5
0.683457 5
0.163359 5
0.292979 5
0.183960 5
0.163437 5
0.073930 5
0.091951 5
0.079308 5
0.245458 5
0.650619 33
7.055720 41
0.582324 5
0.093729 5
0.347112 5
0.231556 5
0.189511 5
0.151327 5
0.052442 5
0.211424 5
0.159088 5
0.538469 5
0.297930 5
0.145522 5
0.130567 5
0.314529 123
2.435629 1
0.881147 1
0.136404 1
0.148510 1
0.199233 1
0.260616 1
0.269358 1
0.152685 1
0.418081 1
0.168145 1
0.199675 1
0.297869 1
0.216296 1
0.096094 1
0.153859 1
0.085493 1
0.131475 1
0.068090 1
0.122856 1
0.168550 1
0.057312 1
0.133999 1
0.380075 1
0.277246 1
0.943540 1
0.280239 1
0.272778 1
0.143115 1
0.184065 1
0.258453 1
0.174269 1
0.132392 1
0.148287 1
0.101195 1
0.110253 1
0.083954 1
0.476220 1
0.277192 1
0.092092 1
1.608092 1
0.592978 1
0.643350 3
0.086613 1
0.118241 1
0.218446 1
1.358521 1
0.337140 1
0.175651 1
0.178840 1
0.118432 1
0.896656 1
1.078025 1
0.256625 1
0.146360 1
1.789234 1
0.326790 1
0.218937 1
0.187706 1
0.072830 1
0.390372 1
0.470010 1
0.120321 1
0.141819 1
0.195921 1
0.185211 1
0.157527 1
0.113842 1
0.080105 1
0.164554 1
0.961248 1
0.169319 1
0.185671 1
1.587726 1
0.851976 1
0.222012 1
0.119317 1
0.086115 1
0.883858 11
0.004340 221
0.057757 30
0.000036 62
0.002512 226
0.000239 8
0.000018 49
6.558974 1
0.096419 1
0.080132 1
0.058650 1
0.060188 1
0.996582 1
0.115268 1
0.230129 1
0.164560 1
0.178868 1
0.138730 1
2.631854 1
1.235388 1
0.088691 1
0.097474 1
0.097587 1
0.101818 1
0.078541 1
0.298388 1
0.111367 1
0.074395 1
0.435266 20
0.584795 3
0.143027 3
0.135208 3
0.687332 3
0.256460 9
0.488684 5
0.074435 5
0.731114 11
0.005200 228
0.116776 19
4.229823 2
0.313262 231
0.002976 85
0.012382 42
0.000115 79
0.705678 124
0.015041 162
0.027885 6
0.050033 118
0.001447 6
0.002414 55
0.025904 37
0.065630 6
0.036007 116
0.058898 119
0.315365 56
0.011033 163
0.759941 1284
11.581663 6
0.048220 225
0.008373 44
0.588534 116
0.110049 117
0.139447 117
0.020607 117
0.157233 235
0.157935 235
0.002858 117
0.098239 235
0.101055 117
0.018097 117
0.011439 240
0.001074 132
0.001061 240
0.044292 132
0.025029 235
0.051160 117
0.012591 240
0.000959 132
0.000982 240
0.074715 132
0.002962 235
0.101250 117
0.069152 117
0.011571 240
0.001113 132
0.001080 240
0.026108 132
0.002974 235
0.022815 117
0.009984 240
0.000982 132
0.000966 240
0.010995 132
0.052070 235
0.014327 240
0.010363 132
0.000702 235
0.101375 117
0.049848 117
0.004365 240
0.010152 132
0.036621 235
0.020375 117
0.004589 240
0.010384 132
0.181862 240
0.079725 132
0.006066 240
0.025425 132
0.010071 240
0.378832 132
1.281563 125
0.018841 40
0.000293 47
0.007585 801
0.000025 1501
0.000016 335
0.000028 562
0.000018 1015
0.000014 499
0.000019 514
0.000018 436
0.000014 310
0.000014 503
0.000019 537
0.000015 499
0.000015 535
0.000015 736
0.000016 601
0.000015 538
0.000014 580
0.000014 537
0.000036 756
0.000018 1190
0.000028 1133
0.000035 803
0.000020 838
0.000016 509
0.000015 526
0.000014 473
0.000016 841
0.000028 751
0.000020 982
0.000030 790
0.000015 390
0.000015 848
0.000014 489
0.000015 444
0.000031 678
0.000772 43
0.000129 86
0.000031 114
0.000010 45
0.000038 225
0.000009 161
0.000010 82
0.000009 84
0.000563 45
0.002542 30
0.000061 62
0.003379 226
0.000166 8
0.000014 49
7.204528 1
0.079672 1
0.100788 1
0.058220 1
0.068932 1
0.301020 1
0.236841 1
0.295344 4
0.091041 1
0.128329 1
0.053593 1
0.320539 1
0.217875 1
0.092699 1
0.216681 1
0.548179 1
0.525730 1
0.697245 1
1.021051 1
0.291432 1
0.080707 1
0.116903 1
0.099270 1
0.054733 1
0.080421 1
0.055485 1
1.525447 1
0.464342 1
0.087834 1
0.112550 1
0.081902 1
1.705127 11
0.004853 228
0.286800 231
0.066663 45
0.001682 30
0.000080 62
0.003092 226
0.000148 8
0.000011 49
0.466970 1
0.376365 1
0.173607 1
0.280246 1
0.168833 1
0.182945 1
0.467535 1
0.250724 1
0.069630 1
0.142118 1
0.178357 1
0.566648 1
0.086604 1
0.216265 2
0.000020 9
0.004817 228
0.049950 30
0.003017 226
0.000301 57
815.343067 1
0.301660 1
0.210908 1
0.068304 1
0.141489 1
0.067173 1
0.308588 1
0.208728 1
0.118606 1
0.118300 1
0.192774 1
0.037921 1
0.253307 1
0.192325 1
0.087861 1
0.084330 1
0.528737 11
0.005392 228
0.012523 38
0.000240 30
0.000058 62
0.002876 226
0.000318 8
0.000011 49
0.509143 1
0.072107 1
0.146307 1
0.072753 1
0.124213 1
0.046854 1
0.060965 1
0.746342 1
0.059597 1
0.566705 1
0.047318 1
0.224458 2
0.000014 9
0.004019 228
0.029953 232
0.000029 253
0.000013 9
0.000084 195
0.001240 30
0.000050 71
0.003046 226
0.000118 8
0.000014 49
17.893032 1
0.083854 1
0.103281 1
0.239409 1
0.168845 1
0.109575 1
0.647862 1
0.248574 1
0.088613 1
0.074826 1
0.184479 1
0.235685 1
0.212607 1
0.256803 1
0.229226 1
0.070883 1
0.288596 1
0.626835 1
0.114396 1
0.400207 1
0.098431 1
0.334269 1
0.156295 1
1.254526 11
0.004402 228
0.005008 8
0.018276 613
0.001101 30
0.000059 71
0.002806 226
0.000108 8
0.000007 49
3.107714 1
0.058317 1
0.115505 1
0.038549 1
0.077104 1
0.153934 1
0.132889 1
0.063168 1
0.217310 1
0.155556 1
0.096474 1
0.227566 1
0.218345 1
0.049899 1
0.251740 1
2.868004 1
0.088353 1
0.177486 1
1.680663 4
0.131627 4
0.392855 4
0.203593 1
0.092170 1
0.200848 1
0.547648 1
0.185349 1
0.111043 1
0.175332 1
0.174475 1
0.126964 1
0.188948 1
0.169500 1
0.067133 1
0.270682 1
0.250225 1
0.083719 1
0.201914 1
0.091840 1
0.106215 1
0.070610 1
0.673942 11
0.004114 228
0.120453 19
3.128125 2
0.312028 231
0.006814 125
1.136331 45
0.002405 30
0.000051 62
0.002786 226
0.000112 8
0.000007 49
2.742342 34
0.110870 126
0.749913 11
0.004793 228
0.005948 8
0.008448 1038
0.000056 1031
0.000046 140
1.518737 11
0.001584 30
0.000069 62
0.003496 226
0.000151 8
0.000009 49
9.599743 1
0.095014 1
0.073193 11
0.004363 228
0.001244 89
0.000203 30
0.000011 62
0.002764 226
0.000248 8
0.000009 49
0.442083 1
0.083759 1
0.142751 1
0.122818 1
0.065422 1
0.093512 1
0.059339 1
3.010534 1
0.099820 1
0.195245 1
0.783887 1
0.264883 1
0.095529 1
0.152832 1
0.131710 1
0.161691 1
0.233581 1
0.154094 1
0.209693 1
0.113004 1
0.204187 1
0.070915 1
3.708977 11
0.004460 228
0.015109 51
2.258331 42
1.463233 47
0.504766 48
0.245524 46
0.000216 38
0.000016 4
0.000017 136
0.217045 829
0.118098 30
0.000035 62
0.003230 226
0.000139 8
0.000011 49
31.408737 1
0.116287 1
0.089963 1
0.076711 1
0.076869 1
0.090468 1
0.053819 1
0.441526 1
0.063605 1
0.489924 11
0.004288 228
0.011614 55
0.000019 17
0.000298 30
0.000048 62
0.002720 226
0.000109 8
0.000008 49
1.394411 9
0.353326 1
0.249338 1
0.046882 1
0.152540 11
0.004992 228
0.017470 85
0.000018 130
0.000280 30
0.000050 62
0.002421 226
0.000114 8
0.000010 49
246.041920 1
0.105000 1
0.128707 1
0.098622 1
0.171922 1
0.125546 1
0.175097 1
0.177004 1
0.180430 1
0.122015 1
0.199020 1
0.131093 1
0.221109 1
0.119106 11
0.004288 228
0.029903 294
0.000014 154
0.001620 30
0.000056 62
0.003004 226
0.000326 8
0.000018 49
38.301148 1
0.191237 1
0.211427 1
0.096827 1
0.140865 1
0.142699 1
0.112555 1
0.138291 1
0.273268 1
0.113780 11
0.004481 228
0.002804 36
0.000034 60
0.000293 30
0.000036 71
0.002760 226
0.000178 8
0.000014 49
1.955756 9
0.234235 4
0.762689 1
0.201245 1
0.142391 1
0.047434 1
0.178809 1
0.212903 11
0.004226 228
0.000858 301
0.000007 64
0.000007 64
0.000007 80
0.000015 152
0.000006 60
0.000263 30
0.000025 62
0.002858 226
0.000164 8
0.000011 49
0.909494 1
0.186242 1
0.526456 1
0.225129 1
0.218964 1
0.501937 1
3.265065 11
0.004515 228
0.003083 18
0.000225 92
0.002451 226
0.000165 57
2.633704 1
0.057783 1
0.112126 1
0.159794 1
0.118770 1
1.021806 11
0.004701 228
0.001033 11
0.000229 30
0.000059 62
0.002348 226
0.000109 8
0.000013 49
64.164117 1
0.089885 1
0.107865 1
0.106265 1
0.065075 1
0.075170 1
0.106525 1
1.596520 1
0.102235 1
0.102514 1
0.069134 1
0.235179 11
0.004153 228
0.035180 295
0.000019 321
0.000013 129
0.000011 169
0.000011 28
0.000010 57
0.000011 149
0.000011 86
0.000011 124
0.000011 34
0.000019 116
0.000011 82
0.000010 80
0.000010 43
0.001098 30
0.000044 62
0.002840 226
0.000120 8
0.000008 49
97.834681 1
0.074154 1
0.111212 1
0.107389 1
0.049690 1
0.077469 1
0.093708 1
0.303236 1
0.103081 1
0.160017 1
0.094235 1
0.191470 1
0.251557 1
0.099321 1
0.161056 1
0.238809 1
0.215479 1
0.150675 1
0.258035 1
0.416005 1
0.196028 1
0.089601 1
0.091737 11
0.003962 228
0.186855 829
0.102358 30
0.000032 62
0.003135 226
0.000284 8
0.000011 49
1.819124 1
0.085228 1
0.124199 1
0.116844 1
0.049483 1
0.134531 1
0.468736 1
0.668867 1
0.098006 1
0.185306 1
0.126389 1
0.107499 1
0.208564 1
0.156341 1
0.108930 1
0.626883 1
0.267103 1
0.077026 1
0.574747 1
0.235027 1
0.088780 1
0.420769 4
0.044789 1
0.301526 1
0.357936 1
0.189745 1
0.206744 1
93.404304 11
0.004168 228
2.264585 37
1.470014 25
0.000027 22
0.681638 25
0.000017 87
0.099886 23
0.000017 87
0.099035 23
0.000014 197
0.100118 110
0.000017 110
0.099710 110
0.000016 110
0.100010 110
0.000015 110
0.100079 23
0.000018 197
0.099796 110
0.000015 110
0.100074 23
0.000024 197
0.099962 69
0.000018 87
0.100107 110
0.100145 110
0.099984 23
0.000013 87
0.100439 110
0.100058 110
0.099287 23
0.000020 87
0.100330 110
0.099572 23
0.000015 87
0.100327 110
0.099774 23
0.000014 87
0.100407 110
0.099998 110
0.099936 110
0.100076 110
0.100002 110
0.099462 23
0.000015 87
0.100042 110
0.100444 23
0.000013 87
0.099722 110
0.100234 110
0.100240 110
0.100231 23
0.000023 87
0.099954 23
0.000016 87
0.100262 110
0.099590 42
0.000014 4
0.000167 23
0.000009 19
0.100326 42
0.100304 42
0.099138 42
0.100065 42
0.100034 42
0.100581 42
0.028262 42
0.000015 131
0.001914 33
0.001547 30
0.000044 62
0.002680 226
0.000255 8
0.000017 49
7.579548 1
0.111095 1
0.117461 1
0.084219 1
0.085844 1
0.073311 1
0.080166 1
0.133032 1
0.136762 1
0.081323 1
0.171062 1
0.111685 1
0.195508 1
0.087284 11
0.004238 228
0.028661 240
0.000014 288
0.000007 31
0.000320 30
0.000043 62
0.002726 226
0.000169 8
0.000014 49
10.006063 1
0.087722 1
0.156606 1
0.097783 1
0.105636 1
0.062399 1
0.125053 1
0.178695 1
0.059595 1
0.110291 1
0.138047 1
0.109790 1
0.119621 11
0.004455 228
0.020264 55
0.000014 76
0.000007 28
0.000008 36
0.000008 26
0.000008 28
0.000007 42
0.000007 29
0.000007 2
0.000300 30
0.000043 62
0.002888 226
0.000160 8
0.000017 49
63.741357 1
0.337695 1
0.206790 1
0.067492 1
0.123884 1
0.124249 1
0.321641 1
0.887910 1
0.108421 1
0.108083 1
0.714319 1
1.432576 1
0.168737 1
0.114385 1
0.422849 1
0.229230 1
0.078576 1
1.145442 1
0.247313 1
0.144349 1
0.266603 1
0.171633 1
0.199355 1
0.212236 1
0.232119 11
0.004805 228
0.078731 107
0.001646 30
0.000060 62
0.002880 226
0.000161 8
0.000017 49
1.578592 24
0.238755 25
1.653933 11
0.004582 228
0.021342 85
0.000034 217
0.000012 20
0.000301 30
0.000045 62
0.002421 226
0.000176 8
0.000011 49
0.727661 12
0.154457 22
0.440690 25
0.482094 11
0.955304 11
0.004495 228
0.026044 266
0.000016 182
0.001320 30
0.000044 62
0.002712 226
0.000115 8
0.000007 49
17.703284 1
0.072235 1
0.107286 1
0.131584 1
0.260052 1
0.280421 11
0.004316 228
0.000963 11
0.000172 30
0.000013 62
0.002688 226
0.000124 57
114.027239 1
0.100258 1
0.072097 1
0.181494 1
0.366882 1
0.103265 1
0.149338 1
2.126911 4
0.127579 4
0.147572 4
0.143565 4
0.573330 1
0.378698 1
0.510122 4
0.152556 1
0.272488 1
2.374370 1
2.226743 1
0.257032 1
0.450438 1
0.101261 1
1.331026 1
0.393900 124
1.059180 1
1.069455 1
0.152298 1
0.107182 1
1.028068 1
0.085333 1
0.112415 1
0.101068 1
0.212149 11
0.005145 228
0.015854 80
0.000289 64
0.003665 69
0.000011 23
0.000801 1975
0.000024 288
0.000010 7
3.141742 23
0.000188 42
0.134850 23
0.000158 42
0.147661 23
0.000159 38
0.143057 23
0.000179 38
0.139601 23
0.000150 38
0.142894 23
0.000157 42
0.170772 23
0.000165 42
0.145188 47
0.692043 23
0.000165 42
2.391242 22
0.000049 94
0.338476 29
0.263025 51
0.852069 37
0.167637 37
5.146242 29
0.174261 29
0.393032 29
0.176749 29
0.341538 29
0.234189 29
0.288325 29
0.395014 29
0.287882 31
0.190227 30
0.217209 30
0.608308 30
2.553767 28
0.543628 41
0.113291 41
0.195343 41
0.043532 41
0.378725 41
0.165473 41
0.077878 41
0.022067 41
0.258026 64
0.501389 30
0.625345 43
0.088595 65
1.662733 63
0.338390 44
0.294290 53
6.698367 34
0.129252 44
0.198596 33
4.000684 34
0.156911 34
0.187280 34
0.294172 34
0.104202 35
2.166913 45
0.163830 44
0.143797 44
0.145222 44
0.171072 44
2.160940 34
0.391845 34
0.541762 34
0.132459 34
0.154551 35
0.221667 34
0.091227 34
0.167425 34
8.992330 44
0.571073 44
0.038701 44
0.040222 45
0.039964 44
0.040780 44
0.039459 44
0.283119 44
0.362143 34
0.925999 34
0.128813 34
0.162651 34
0.160464 35
0.208400 34
1.550493 34
0.661886 49
0.162711 47
0.164238 47
0.095206 47
0.416613 34
1.406677 34
0.110932 34
0.668209 44
0.135995 44
1.616209 34
0.130336 34
0.166253 35
0.190032 34
0.112895 34
0.347445 34
4.002573 34
0.309038 49
1.496922 55
11.259685 34
0.214455 34
0.284565 34
0.352172 34
0.204196 34
0.115834 34
0.262192 33
1.055682 35
0.324245 50
1.174376 42
0.585981 34
0.136952 34
0.146493 34
0.189023 34
0.202607 34
1.079215 33
0.839693 34
0.413608 51
1.956390 48
0.693702 33
1.457738 42
0.159148 42
0.213595 42
1.007433 42
0.551413 42
2.409365 34
0.068331 34
0.176899 35
0.143283 34
0.271507 34
0.103356 34
0.129736 34
0.256113 34
0.380906 34
2.360913 34
0.670841 49
0.642770 34
0.338667 35
0.130918 34
0.074157 34
0.349030 34
0.561393 34
0.232876 34
0.497504 34
1.357046 36
0.654352 35
0.532640 79
0.777940 34
0.084566 34
0.178762 34
0.079244 34
0.088932 50
0.385403 33
0.173865 34
1.090676 51
0.245019 33
1.039652 34
0.294475 34
0.148009 34
0.165160 34
0.092209 34
0.152349 34
0.684950 34
0.249928 49
0.108244 48
0.200992 47
0.088194 47
0.321869 34
0.290883 34
0.097346 34
0.121779 34
0.174076 34
0.120759 34
0.311083 34
0.878873 35
0.743599 49
1.053076 36
0.204077 36
0.466249 34
4.274059 55
0.986810 81
0.901168 61
0.134580 29
0.171928 29
0.266518 66
0.499695 156
0.838409 42
0.363496 42
1.518216 42
0.220382 42
0.150882 42
0.165127 42
0.216059 42
0.167685 43
0.189105 42
0.148212 42
0.302909 42
0.162344 42
0.146358 42
0.086415 42
0.339642 42
0.142643 42
0.159277 42
5.441906 42
0.100475 18
0.000138 41
0.846043 48
0.654816 1
0.084969 1
1.304530 29
0.151030 29
0.244648 57
1.519068 51
0.311081 25
0.000187 46
0.225199 25
0.000189 46
0.156304 25
0.000837 75
0.451214 23
0.000611 74
0.666736 24
0.000765 73
0.557941 22
0.000020 94
0.211364 210
0.923257 333
0.552412 32
0.261592 156
1.660359 34
0.072085 81
0.136521 42
0.174250 34
0.781575 102
1.166535 34
0.752999 49
0.392019 34
0.863998 42
0.122043 42
0.096388 33
0.234991 202
0.117984 210
0.744999 33
0.159358 173
0.284796 57
0.384035 33
0.159395 35
0.098218 34
0.070440 34
0.087321 48
8.989475 33
0.380294 33
0.323976 83
0.432397 34
0.170838 34
0.109810 34
0.096134 48
0.995267 42
0.276335 202
2.337104 43
1.128673 50
0.260148 42
0.230699 42
1.046293 42
0.474967 42
0.173132 42
0.427395 42
0.102268 42
0.090088 42
0.107862 43
0.176280 42
0.153258 42
0.164757 42
0.163048 42
0.220870 42
3.667490 42
0.155723 42
0.191666 42
0.146978 42
0.699823 43
0.250202 50
0.272787 42
0.263542 42
2.321023 42
0.092684 42
0.062604 42
0.713393 42
0.175728 42
0.153937 42
0.560624 43
0.159329 42
0.099031 42
0.661745 44
0.133567 44
0.145680 45
0.139562 44
0.131821 44
0.156381 44
1.697298 42
0.097846 42
0.082487 42
0.208251 43
0.235440 45
0.132616 44
0.145741 44
0.151508 44
0.083696 42
0.144900 42
0.097568 42
0.116209 43
0.115672 42
0.083308 42
0.164970 42
0.962836 42
0.173764 42
0.098881 42
1.512550 262
0.757357 83
0.216969 34
0.149205 34
0.089292 34
0.080862 48
0.656867 42
0.158800 202
0.905675 43
0.159195 42
0.163113 42
0.175147 42
0.127871 42
0.227044 42
0.198369 42
1.179736 42
0.151970 42
0.113915 42
0.146564 43
0.131886 42
0.091059 42
0.206725 42
0.200165 42
0.200000 42
0.294899 42
0.163510 42
0.195847 42
0.195370 42
2.153684 43
0.912144 42
0.285538 44
0.121829 42
0.207427 42
0.151145 42
1.235546 42
1.035970 42
0.557215 42
0.266956 42
0.316098 42
1.046422 262
0.315079 83
0.653991 34
0.167992 34
0.113067 34
0.073539 48
0.398293 42
0.313246 202
0.344681 43
0.209665 42
0.447972 44
0.121616 45
0.099358 43
0.177517 42
0.346182 42
0.098340 42
0.136842 42
0.156882 42
0.064370 42
0.206023 42
0.427691 262
0.282628 83
0.741529 34
0.150864 34
0.088994 34
0.089027 48
0.208884 42
0.234570 202
1.016092 43
0.396437 45
0.187836 269
0.165335 44
0.153588 51
0.163704 44
0.176715 44
0.272110 44
0.428120 34
0.104205 34
0.078439 34
0.075051 34
0.123891 50
0.227270 42
0.648539 34
0.162666 202
0.363730 42
0.185780 50
2.677528 42
0.211691 42
0.119663 42
0.139397 42
0.138099 42
0.072774 42
0.272393 43
0.204923 42
0.322357 42
0.184514 42
0.211454 42
0.229837 42
0.387769 42
0.272831 42
0.189845 42
0.141705 42
0.129364 43
0.319993 42
1.488696 42
1.857116 42
2.454682 42
2.031416 44
0.140921 44
0.754802 42
0.727637 42
1.029916 42
0.675387 42
0.096295 42
0.105974 42
0.096579 42
0.345169 43
0.180713 42
0.138091 42
0.079123 42
0.110179 42
1.337586 42
1.782706 42
0.201489 50
1.189444 42
0.221664 50
0.465112 263
2.016169 83
1.509060 34
0.099460 34
0.081111 34
0.501433 61
0.880953 30
0.153863 33
0.193166 33
0.179645 33
0.176831 32
0.277232 66
0.535550 36
0.722724 32
0.158345 114
0.867409 29
0.378917 98
0.410021 36
0.377505 32
0.226201 122
0.909497 34
0.301660 83
0.459704 34
0.255536 80
0.944775 42
0.100506 18
0.000146 41
0.219328 48
0.176425 1
0.098261 1
0.203289 1
0.000018 20
0.000130 17
0.002896 30
0.000503 70
0.001638 30
0.000046 62
0.002863 226
0.000262 8
0.000017 49
7.158115 1
0.081430 1
0.090902 1
0.114809 1
0.087026 1
0.076261 11
0.004289 228
0.000993 11
0.000228 30
0.000069 62
0.002871 226
0.000183 8
0.000013 49
0.788190 11
0.000145 30
0.000064 62
0.004004 226
0.000194 8
0.000016 49
0.110637 11
0.000183 30
0.000044 62
0.003298 226
0.000195 57
0.133864 11
0.000114 30
0.000072 62
0.003383 226
0.000212 57
0.483366 1
0.065139 1
0.068239 1
0.105329 1
0.033750 1
0.095858 11
0.004327 228
0.000964 11
0.000179 30
0.000051 62
0.003269 226
0.000212 57
2.151657 1
0.081016 1
0.107454 1
0.109092 1
0.051938 1
0.083560 1
0.148427 1
0.148463 1
0.087379 1
0.139758 1
0.127555 1
0.109724 1
0.074712 1
0.118800 1
0.180315 1
1.241554 1
0.111785 1
0.181084 1
0.135113 1
0.035743 1
0.168175 1
0.233997 1
0.470166 1
0.162499 1
0.245542 1
0.297895 4
0.141336 4
0.146631 4
0.139565 4
0.134511 4
0.142009 4
0.138135 4
0.144354 4
0.151323 4
0.157722 4
0.153118 4
0.211484 1
0.174713 1
1.640721 1
0.114908 1
0.090327 1
0.094241 1
0.087433 1
0.361715 1
0.195964 1
0.768536 1
0.308755 4
0.208873 1
0.495637 1
0.072288 1
0.148791 1
0.089160 1
0.074355 1
0.324532 4
0.135532 4
0.149362 4
0.141391 4
0.126666 1
0.683701 1
0.064305 1
0.142646 1
0.194738 1
1.202514 1
0.135832 1
0.236764 1
0.742823 1
0.089367 1
0.103211 1
0.247384 1
0.274679 1
0.017160 1
0.250652 4
0.140600 4
0.147528 4
0.244148 1
0.452176 4
0.551958 1
0.168554 1
0.733818 1
0.097439 1
1.992196 1
0.377472 1
0.117783 1
0.192660 1
0.118898 1
0.219017 1
0.895851 1
0.231865 1
0.250280 1
0.246575 1
0.128825 1
0.209739 1
0.245687 1
1.796306 1
1.030045 1
0.249428 1
2.078636 1
0.087403 1
0.160881 1
0.130985 1
0.073138 1
0.192663 1
0.075426 1
0.083456 1
0.232575 1
0.266766 1
0.122928 1
0.153873 1
0.110591 1
0.078123 1
0.092357 1
0.397185 1
0.190853 1
0.127438 1
0.102876 1
0.184638 1
0.124862 1
0.167093 1
8.468215 4
0.631588 4
0.039369 4
0.039930 4
0.039903 4
0.039421 4
0.040636 4
0.040073 4
0.039917 4
0.040427 4
0.039344 4
0.040097 4
0.039918 4
0.039797 4
0.040813 4
0.039948 4
0.039645 4
0.039681 4
0.040247 4
0.039982 4
0.040031 4
0.039727 4
0.333945 1
0.132307 1
0.112049 1
0.137852 1
0.729410 1
0.133238 1
0.152142 1
0.156987 1
0.554435 1
0.284101 1
0.291150 1
0.105625 1
0.206631 1
0.131589 1
0.235190 1
0.200094 1
0.628041 1
1.294339 1
0.128286 1
1.614456 1
0.207837 1
0.110680 1
0.136469 1
0.167779 1
0.198900 1
0.262117 1
0.122068 1
0.113049 1
0.164348 1
0.107780 1
0.103066 1
0.212178 1
0.299416 3
0.325198 1
0.081105 1
0.175806 1
0.063285 1
0.970185 11
0.004827 228
0.012017 45
2.167461 36
0.773239 47
0.000026 58
0.000015 46
0.000017 37
0.000014 11
0.000014 36
0.000015 47
0.000013 11
0.000015 36
0.563786 23
0.000020 87
0.000128 46
0.100258 110
0.099483 110
0.000141 42
0.000010 4
0.000181 23
0.000012 23
0.098652 23
0.000011 87
0.101084 46
0.000022 110
0.099773 46
0.000023 110
0.000015 23
0.000015 87
0.100009 23
0.000019 197
0.099256 220
0.100952 133
0.000020 87
0.099810 110
0.000021 110
0.099452 119
0.000028 101
0.099821 220
0.100128 220
0.000026 112
0.100487 25
0.000017 46
0.000012 87
0.000015 110
0.000014 23
0.000012 87
0.099978 119
0.000019 211
0.099721 23
0.000022 197
0.000013 110
0.099622 23
0.000020 197
0.000013 23
0.000010 87
0.100648 220
0.000151 46
0.098952 110
0.000016 110
0.100445 133
0.000017 87
0.099268 110
0.000016 110
0.100532 23
0.000017 197
0.099395 23
0.000010 95
0.000033 102
0.100146 110
0.000019 110
0.100418 23
0.000013 110
0.000008 87
0.110110 220
0.090183 23
0.000032 197
0.099132 220
0.100165 23
0.000018 197
0.099590 23
0.000031 193
0.000016 4
0.100394 23
0.000018 197
0.100282 220
0.100250 119
0.000017 101
0.099367 110
0.000020 110
0.099833 23
0.000021 197
0.100308 220
0.100498 220
0.099671 110
0.000021 110
0.099755 23
0.000025 197
0.099697 133
0.000017 87
0.099890 220
0.101036 110
0.000019 110
0.099237 220
0.099728 110
0.000016 110
0.100088 23
0.000016 197
0.100274 110
0.000017 110
0.099595 118
0.000016 102
0.100416 216
0.000019 4
0.100554 110
0.000021 110
0.099458 110
0.000197 42
0.000018 4
0.001187 23
0.000009 19
0.098928 110
0.001235 42
0.098005 110
0.001094 9
0.000010 33
0.099204 110
0.001284 38
0.000009 4
0.098493 110
0.001107 42
0.098978 23
0.000027 87
0.001056 42
0.099409 23
0.000020 87
0.099651 23
0.000023 87
0.001137 23
0.000012 19
0.098943 23
0.000024 87
0.099401 23
0.000021 87
0.100074 23
0.000021 87
0.100504 23
0.000021 87
0.099398 110
0.100464 110
0.100332 46
0.001222 23
0.000011 19
0.100352 42
0.099225 42
0.099877 42
0.100213 42
0.100555 42
0.098769 42
0.000422 42
0.099811 42
0.000222 42
0.033391 42
0.000013 130
0.572453 66
0.137403 30
0.000050 62
0.003579 226
0.000305 8
0.000016 49
10.795500 1
0.103313 1
0.128476 1
0.102937 1
0.138272 1
0.320141 1
0.125541 1
0.147972 1
0.108481 1
0.130645 1
0.163617 1
0.119732 1
0.101194 1
0.180357 1
0.245692 1
0.609266 1
0.075024 1
0.185343 1
0.042025 1
0.285429 11
0.004791 228
0.005194 398
0.000019 525
0.000545 30
0.000074 62
0.003303 226
0.000198 8
0.000012 49
9.138280 54
0.016412 54
0.033253 54
0.048718 54
0.051482 54
0.042998 54
0.015899 54
0.016545 54
0.016283 54
0.031085 54
0.048927 54
0.055157 54
0.065021 54
0.046958 54
0.086989 54
0.112573 54
0.161740 54
0.094867 54
0.063902 54
0.065208 54
0.061702 54
0.425688 54
0.118418 54
1.416033 54
1.263928 54
34.869080 1
0.288686 1
0.168234 1
0.099636 1
0.273665 1
0.082620 1
0.194537 1
0.260870 1
0.189233 1
0.199477 1
0.553227 1
0.235267 1
0.177461 1
0.314246 1
0.082778 1
0.167323 1
0.224678 1
0.695883 1
0.558748 1
0.332136 1
0.091068 1
0.073698 1
0.076899 1
0.769980 1
0.922841 1
0.296319 1
0.195421 1
0.220479 1
0.086660 1
2.778666 4
0.147934 4
0.145616 4
0.154005 4
2.038872 1
0.131635 1
0.193364 1
0.106092 1
0.169686 1
0.527620 1
0.102389 1
0.201490 1
0.165569 1
0.177383 1
0.138328 1
0.157256 1
0.112263 1
0.134459 1
0.090564 1
0.337142 11
0.005155 228
0.051383 123
0.001737 30
0.000073 73
0.002762 226
0.000155 8
0.000012 49
1.376114 40
0.797388 4
0.094534 4
0.140667 4
0.133405 4
0.139423 4
0.138378 4
0.138948 4
0.152501 4
0.143305 4
0.145124 4
0.139094 4
0.149004 4
0.152789 4
0.143445 4
0.156719 4
0.906168 1
0.199213 1
0.245389 1
0.134521 1
1.053674 11
0.005117 228
0.043871 29
2.782174 1
0.106880 1
0.116026 1
0.084252 1
0.469392 11
0.000859 31
0.000209 29
1.485453 1
0.192001 1
0.218045 1
0.065455 1
0.212735 17
0.005578 30
0.000058 73
0.002932 226
0.000176 8
0.000021 49
3.599457 1
0.139377 1
0.065037 11
0.004033 228
0.001211 89
0.000256 30
0.000034 62
0.002561 226
0.000176 8
0.000016 49
0.322845 1
0.102978 1
0.128915 1
0.075506 1
0.094416 1
0.128566 1
4.738254 1
0.409013 1
0.865311 1
24.951376 11
0.004819 228
0.001183 30
0.000075 62
0.003045 226
0.000180 8
0.000011 49
0.458523 1
0.119492 1
0.089596 1
0.131101 1
0.133091 1
0.099755 1
0.737620 1
0.477705 1
0.090364 1
0.092595 1
0.342069 1
0.201096 1
0.333695 1
0.246935 1
0.476892 1
0.137446 1
0.078919 1
0.241806 1
0.353317 1
0.252274 1
0.391961 1
0.082574 1
0.161397 1
0.086472 1
0.184856 1
0.076055 1
0.106990 1
0.161686 1
0.094274 1
0.099570 1
0.984394 1
0.266645 1
0.158820 1
0.077757 1
0.247872 1
0.242774 1
1.960373 1
0.124124 1
0.138307 1
0.083277 1
0.599955 1
0.450351 1
0.560010 1
0.380133 1
0.144869 1
0.321045 1
0.161481 1
0.725607 1
0.100143 1
0.978407 11
0.005034 228
0.013122 58
0.000287 30
0.000072 62
0.003080 226
0.000176 8
0.000016 49
2.954789 1
0.118026 1
0.127925 1
0.130017 1
0.096531 1
0.130519 1
0.251226 1
0.408783 1
0.155058 1
0.230074 1
0.106397 1
0.254707 1
0.168567 1
0.194126 1
0.229573 1
0.273873 1
0.405828 1
0.153349 1
0.109718 1
0.061712 1
0.224179 11
0.004982 228
0.205325 10
0.001614 30
0.000101 62
0.003574 226
0.000130 8
0.000014 49
0.253227 1
0.126534 1
0.062992 1
0.126528 1
0.033859 1
0.091545 1
0.404717 1
2.395439 1
0.079864 1
0.081893 1
0.153555 1
1.899813 1
0.354339 1
0.175812 1
0.172485 1
0.517087 1
0.333961 1
0.102017 1
0.112851 1
0.094151 1
0.234127 1
0.650499 11
0.003559 228
0.027249 10
0.000358 30
0.000075 62
0.003152 226
0.000125 8
0.000012 49
3.915215 1
0.088320 1
0.096753 1
0.109675 1
0.083290 1
0.069541 1
0.081709 1
0.277376 1
0.091163 1
0.221171 1
0.125576 1
0.141722 1
0.079986 1
0.153883 1
0.364693 1
0.156388 1
0.195727 1
0.108221 1
0.087692 1
0.106901 1
0.105641 1
0.194422 1
0.197420 1
0.234376 1
0.220440 1
0.173251 1
0.589971 4
0.122164 1
0.226433 1
0.072954 1
0.140302 1
0.850801 1
0.969556 1
0.690439 1
0.313327 1
0.715293 1
0.115377 1
0.132655 1
0.098439 1
0.731791 1
0.627466 1
0.080527 1
0.788711 1
0.235852 1
2.315435 11
0.000099 10
1.647743 1
0.159962 1
0.223514 1
0.130656 1
0.179950 1
0.161418 1
0.116967 1
1.317049 1
2.532511 1
0.205305 1
0.189573 1
0.149499 1
1.110898 1
0.585413 1
0.085740 1
0.115254 1
0.141719 1
0.293876 1
0.832313 1
0.354499 1
0.097266 1
0.114963 1
0.284079 1
0.197191 1
0.446365 1
1.144033 1
0.101064 1
0.217888 1
0.174419 1
0.166866 1
0.135372 1
0.459839 1
0.141872 1
0.190466 1
0.232153 1
0.148903 1
0.138165 1
0.434333 1
0.374033 1
0.288362 1
0.433352 1
0.211418 1
0.190753 1
0.426919 1
0.080766 1
0.078331 1
0.172674 1
0.133093 1
0.242011 1
0.225718 1
0.503066 1
0.504721 1
0.057846 1
0.159628 1
0.285723 1
0.927247 1
0.316295 1
0.110782 1
0.084560 1
0.698297 1
0.294404 1
1.295856 11
0.000104 10
1.233087 1
0.099858 1
0.474245 1
0.071486 1
0.137386 1
0.570759 1
0.252202 1
0.102712 1
0.230145 1
0.135777 1
0.205149 1
0.219506 1
1.467067 1
1.770654 1
0.785976 11
0.000119 10
1.520609 1
0.293817 1
4.041648 1
0.106464 1
0.108975 1
0.187961 1
0.292471 1
0.136721 1
0.167684 1
0.198682 1
0.322962 1
0.245805 1
0.868914 1
0.833507 1
0.156347 1
0.099360 1
0.427106 1
0.258583 1
1.833458 4
0.160214 4
0.158213 4
0.173021 4
0.417582 4
1.219083 4
0.254711 1
0.217035 1
0.234836 1
0.291334 1
0.115145 1
0.104706 1
0.080206 1
0.211691 1
0.494294 1
0.608603 1
0.334731 1
1.015658 1
0.357268 1
0.144299 1
0.224595 1
0.174959 1
0.298819 1
0.127900 1
0.139545 1
0.099278 1
0.167582 1
0.156688 1
0.303525 1
0.122797 1
0.242871 1
0.288834 1
0.689070 1
0.067934 1
0.216715 1
0.495582 4
0.488375 1
0.189776 1
2.956919 1
0.202562 1
1.215557 4
0.792837 4
0.239769 1
1.463525 4
2.453062 1
0.205652 1
2.017467 1
0.112878 1
1.409074 1
0.319864 1
0.451251 1
0.125159 1
0.956578 1
0.605572 1
2.099379 1
1.323095 4
0.603397 1
0.145286 1
0.151017 1
0.162292 1
1.557382 1
0.162473 1
0.190794 1
0.851273 1
0.143483 1
0.384893 1
0.253957 1
0.437651 1
0.423498 1
0.117829 1
0.177429 1
0.098233 1
0.143016 1
0.090977 1
0.115373 1
0.167127 1
0.102234 1
0.117352 1
0.181174 1
0.123444 1
0.103163 1
0.091972 1
0.143590 1
0.117812 1
0.179896 1
0.118557 1
0.163672 1
0.080244 1
2.729655 11
0.004507 228
0.065873 66
0.130012 30
0.000044 62
0.003105 226
0.000222 8
0.000010 49
8.495545 1
0.202660 1
0.116013 1
0.072700 1
0.100307 1
0.924625 1
0.147433 1
0.126476 1
0.100168 1
0.140151 1
0.157402 1
0.115640 1
0.100038 1
0.217907 1
0.217870 1
0.484059 1
0.077384 1
0.226767 1
0.478360 4
0.370312 1
0.218944 1
0.358602 11
0.004698 228
0.005188 923
0.000608 30
0.000072 62
0.002838 226
0.000164 8
0.000016 49
29.440456 1
0.082878 1
0.085420 1
0.761749 1
0.504460 1
0.072890 1
0.131536 1
0.160628 1
0.962663 4
0.146251 4
0.142850 4
0.158041 4
0.200848 1
0.169363 1
0.191409 1
0.131706 1
0.555620 1
0.100955 1
0.097611 1
0.150974 1
0.167009 1
0.079272 1
0.156015 1
0.128511 1
0.111833 1
0.015544 1
0.454671 11
0.005530 228
0.027686 80
0.000231 54
0.000015 10
0.018815 92
0.002558 1973
0.000020 2180
0.000011 7
1.348260 23
0.000525 110
0.210769 23
0.000633 134
0.278358 23
0.000653 149
0.322229 23
0.000345 94
0.798085 23
0.000236 39
0.127137 23
0.000156 39
0.158649 23
0.000173 39
0.160307 23
0.000190 39
0.192598 23
0.000534 104
0.381814 23
0.000447 94
0.665631 21
0.000049 92
1.141320 160
0.130136 86
0.131686 96
0.132536 95
0.143821 94
0.137994 93
0.129480 92
0.137021 91
0.135254 90
0.131895 89
0.141926 88
0.146692 87
0.139067 86
0.151248 85
0.153609 84
0.253047 83
0.403271 172
2.091048 187
0.113502 186
0.199525 186
0.148113 186
0.152163 186
0.302173 186
1.956338 186
0.094962 186
0.153519 186
0.110774 186
0.063458 186
0.098712 187
0.091054 186
0.186778 186
0.071848 186
0.236970 186
1.156808 186
0.082970 186
0.284840 186
0.074665 186
0.072278 186
1.218229 40
0.100504 17
0.000350 75
0.196469 47
0.197942 1
0.088025 1
0.677784 1
0.000032 20
0.000034 16
0.023483 30
0.000465 70
0.001378 30
0.000082 62
0.002909 226
0.000140 8
0.000026 49
84.691485 1
0.219212 1
0.138699 1
0.109525 1
0.080023 1
0.075943 1
0.113740 1
7.855785 1
0.179788 1
0.546032 1
0.851356 1
0.239191 1
0.361524 1
0.881753 1
0.122952 1
0.151230 1
0.147644 1
0.199227 1
0.230514 1
0.221209 1
0.087409 1
0.118552 1
0.097740 1
0.189682 1
0.554211 1
0.586337 1
0.195216 1
0.212945 1
0.072970 1
0.252177 11
0.004392 228
0.051457 29
0.746228 1
0.072439 1
0.095397 11
0.002131 155
0.000157 29
0.756671 1
0.074814 1
0.069946 1
0.116863 1
0.200804 1
0.395139 1
0.199199 11
0.001830 10
0.000056 1174
0.000245 29
24.628455 1
0.107991 1
0.495112 1
0.198733 1
0.318168 1
0.106821 1
0.176483 1
0.084966 1
0.129961 1
0.075269 1
0.112328 1
0.184173 1
0.111511 1
0.107882 1
0.925369 1
0.096316 1
0.389508 1
0.453048 1
0.097269 1
0.805232 1
0.181282 1
0.162502 1
0.130422 1
0.026402 1
0.716466 3
0.105578 3
0.188236 1
0.088146 1
0.201637 11
0.000264 49
0.216237 1
0.095183 1
0.071530 11
0.001536 22
0.000079 49
27.272284 11
0.000060 49
68.331838 1
0.078259 1
0.104193 1
0.165653 1
0.053530 1
0.115740 1
0.466383 1
0.081428 1
0.058887 1
0.082711 1
0.204297 11
0.002504 49
0.920859 1
0.091929 1
0.167510 1
0.486618 1
0.277608 1
0.262639 1
1.290837 1
0.832559 1
0.325070 11
0.001377 49
0.746912 8
0.460589 1
0.343907 11
0.001411 49
4.354757 1
0.228169 1
0.232028 1
0.052889 1
2.572944 17
0.006858 30
0.000056 71
0.002790 226
0.000223 8
0.000014 49
33.103162 1
0.088397 1
0.102023 1
0.101307 1
0.068376 1
0.076506 1
0.320494 1
0.418773 1
0.069186 1
0.176229 1
0.093988 1
0.114989 1
0.082897 1
0.224866 1
1.158292 1
0.232202 1
0.282739 1
0.109260 1
0.090866 1
0.101581 1
0.076803 1
0.451157 1
0.169190 1
0.230292 1
0.820858 1
0.289553 1
0.064526 1
0.222239 1
0.107233 1
0.132827 1
0.157359 1
0.133210 1
0.155412 1
0.218924 1
0.709051 1
0.164491 1
0.168782 1
0.908814 1
0.411638 1
0.577357 1
0.148350 1
0.408560 1
0.377380 1
0.200224 1
0.151638 1
0.127717 1
0.226776 1
0.242610 1
0.208383 1
0.091264 1
0.281506 1
0.146665 1
0.176946 1
0.787224 1
1.746301 1
0.321927 1
0.997290 11
0.000582 10
1.457029 1
0.529945 1
0.335926 1
0.100671 1
0.213247 1
0.225948 1
5.392528 1
0.154681 1
0.108736 1
0.207993 1
0.872199 1
0.213584 1
0.481466 1
0.165526 1
0.168687 1
0.189770 1
0.170758 1
0.259939 1
0.395173 4
0.139965 4
0.085594 1
0.283930 1
0.623164 1
1.272844 1
0.463550 1
0.158412 1
0.314957 1
0.425573 1
0.190513 1
0.178929 1
0.141700 1
0.141522 1
0.120262 1
0.141593 1
0.208185 1
0.128148 1
0.179812 1
0.226481 1
0.355601 1
0.553945 1
0.134252 1
0.175841 1
0.155749 1
4.541094 1
0.188612 1
0.328141 1
0.692721 4
0.153190 4
1.769050 4
0.833646 1
0.117946 1
1.802470 1
0.225886 1
0.161499 1
0.177908 1
1.494303 1
0.262575 1
0.237655 1
0.098730 1
0.334011 1
0.572211 1
0.185409 1
0.259722 1
0.962393 1
0.200318 1
0.744801 4
0.396018 1
0.307739 1
0.139829 1
0.628107 1
1.177079 1
0.294125 1
0.073875 1
0.267585 1
0.359127 1
0.270183 1
0.279277 1
0.653244 1
0.205899 1
0.073459 1
0.274341 1
0.183569 1
0.075571 1
2.609248 11
0.004978 228
0.013037 45
1.844119 36
1.477589 43
0.000024 51
0.000017 10
0.000016 37
0.000016 43
0.000015 10
0.000015 41
0.482862 25
0.000019 23
0.199604 25
0.000016 87
0.000174 46
0.099284 23
0.000025 87
0.100463 46
0.099862 110
0.000219 46
0.000382 42
0.000357 42
0.098576 23
0.000017 87
0.100860 110
0.099260 110
0.101029 110
0.099739 23
0.000015 197
0.098895 23
0.000013 197
0.100128 110
0.000168 23
0.000016 31
0.000016 102
0.099867 23
0.000019 197
0.100169 110
0.000015 23
0.000011 87
0.100106 110
0.000023 110
0.099469 46
0.000014 110
0.000407 23
0.000008 19
0.099551 110
0.100660 46
0.000636 9
0.000009 33
0.100549 42
0.099651 42
0.049606 42
0.000314 42
0.000009 81
0.000008 49
0.226049 66
0.126833 30
0.000045 62
0.003651 226
0.000343 8
0.000012 49
0.623946 1
0.109082 1
0.180558 1
0.138856 1
0.095850 1
0.077881 1
0.104927 1
0.164573 1
0.074190 1
0.538615 11
0.003931 228
0.019558 72
0.000013 133
0.000007 69
0.000006 32
0.000008 40
0.000007 68
0.000007 2
0.000327 30
0.000058 62
0.003119 226
0.000180 8
0.000018 49
1.231549 9
0.255928 1
0.174104 1
0.120081 1
0.157212 11
0.005206 228
0.022659 56
0.000016 109
0.000008 54
0.000008 71
0.000008 12
0.000007 56
0.000008 20
0.000008 70
0.000008 36
0.000007 44
0.000008 39
0.000008 44
0.000007 28
0.000008 20
0.000008 63
0.000008 32
0.000008 20
0.000332 30
0.000069 62
0.002736 226
0.000117 8
0.000011 49
12.103914 1
0.116085 1
0.189647 1
0.336674 1
0.258869 1
0.774238 1
0.235965 1
0.517046 1
0.195457 1
0.266697 1
0.120165 1
0.940047 1
0.446484 1
0.290702 1
0.263137 1
0.088927 1
0.189948 1
0.160157 1
0.085641 1
0.121289 1
0.333622 1
0.465478 1
0.102203 1
0.093749 1
0.133390 1
0.410469 1
0.401583 1
1.009586 27
1.353926 9
0.105816 5
0.109965 5
0.129023 5
0.099587 5
0.063113 5
0.114926 5
0.188392 5
0.166228 5
0.143549 5
1.084839 5
0.372972 5
1.298976 5
0.551219 5
0.327713 81
0.399089 1
0.668452 11
0.005214 228
1.255391 28
0.001625 30
0.000074 62
0.002799 226
0.000134 8
0.000011 49
8.645053 1
0.115137 1
0.228428 1
0.155101 1
0.236654 1
0.239643 1
1.976712 1
0.294672 1
0.081973 1
0.391795 1
0.409252 1
0.163901 1
0.359703 1
0.091140 1
0.152023 1
0.326101 1
0.246176 1
0.154080 1
0.158782 1
0.305812 1
0.118892 1
0.122422 1
0.140897 1
0.589825 1
1.424863 4
0.156092 1
0.335519 1
0.338248 1
0.454678 11
0.004474 228
0.058188 28
0.001183 30
0.000059 62
0.003051 226
0.000129 8
0.000013 49
28.778644 1
0.280988 1
0.178202 1
0.072088 1
0.102255 1
0.098275 1
0.099094 1
0.153222 1
0.150510 1
0.085581 1
0.164554 1
0.112408 1
0.151319 1
0.142479 11
0.005019 228
0.035577 240
0.000014 178
0.000008 38
0.000007 24
0.000008 25
0.000007 31
0.000007 55
0.000008 25
0.000007 24
0.000007 7
0.001526 30
0.000052 62
0.003410 226
0.000173 8
0.000011 49
5.080387 1
0.292087 1
0.385452 1
0.290119 1
0.307809 1
0.289721 1
0.346037 1
1.299788 1
0.094077 1
0.108207 1
0.251805 1
0.150927 1
0.104245 1
0.140479 1
1.721817 1
0.163046 1
0.408571 1
0.490168 1
0.070844 1
0.136341 1
2.038041 1
0.097950 1
0.140110 1
0.318072 1
0.098070 1
0.162389 1
0.165581 1
0.578011 1
0.288733 1
0.459056 1
0.083336 1
0.087939 1
0.166313 1
0.069478 1
0.334168 4
0.125505 4
0.232596 1
0.054022 1
0.266701 1
0.182630 1
0.089130 1
0.181881 1
0.192252 1
0.186699 1
0.243244 1
0.558624 11
0.004777 228
0.010325 150
0.000266 30
0.000111 71
0.002993 226
0.000146 8
0.000011 49
1.226812 41
0.359721 4
0.235776 4
0.570914 4
0.039168 4
0.039638 4
0.040131 4
0.039233 4
0.040374 4
0.040373 4
0.039599 4
0.040795 4
0.039229 4
0.039621 4
0.040630 4
0.040694 4
0.039651 4
0.040091 4
0.396476 4
0.191032 4
1.773727 4
0.476047 4
0.306757 4
0.375161 4
0.163249 4
0.153661 4
0.132232 4
0.145833 4
2.724079 1
1.012280 4
0.144996 1
0.280181 4
0.142764 4
0.449641 1
0.191422 1
0.132577 1
0.325063 1
0.166809 1
0.063027 1
0.219454 1
0.233613 2
0.000019 9
0.004836 228
0.028818 305
0.001315 30
0.000063 62
0.002933 226
0.000184 8
0.000012 49
1.146001 20
0.512659 4
0.143819 4
0.219319 4
0.159431 4
0.135326 4
0.157253 4
3.719973 1
0.185946 1
1.232093 4
0.133630 4
0.148011 4
0.146743 4
0.137249 4
0.135814 4
0.147631 4
0.157295 4
0.206968 4
0.997161 1
0.144268 1
0.078760 1
0.171848 1
0.126360 1
0.157563 1
0.591173 1
1.060991 4
0.329936 1
0.192372 1
0.137878 1
0.197000 1
0.163070 1
0.068718 1
0.169962 1
0.192072 11
0.004404 228
0.030192 1090
0.000304 30
0.000088 62
0.002880 226
0.000130 8
0.000007 49
0.756056 20
0.291705 4
0.630105 4
0.038443 4
0.040816 4
0.041291 4
0.040373 4
0.039350 4
0.040610 4
0.040383 4
0.038925 4
0.040687 4
0.214436 4
0.816078 1
0.086983 1
0.164181 1
0.116541 1
0.147980 1
0.214589 1
5.571349 4
0.120441 4
0.212888 1
8.263503 1
0.140612 1
0.150530 1
0.165989 1
0.637886 1
0.171035 1
0.279332 2
0.000018 9
0.004708 228
0.009237 96
0.000223 30
0.000081 73
0.002909 226
0.000255 8
0.000017 49
3.831913 19
0.641047 4
0.171421 4
0.143307 4
0.118482 4
0.163814 4
0.142530 4
1.236537 1
0.085861 1
0.321424 11
0.004727 228
0.033904 294
0.000014 189
0.000008 46
0.000007 41
0.000007 67
0.000007 10
0.001765 30
0.000046 62
0.003299 226
0.000175 8
0.000011 49
1.409368 1
0.073385 1
0.072666 1
0.095864 1
0.098717 1
0.108147 11
0.004706 228
0.001018 11
0.000235 30
0.000057 62
0.002796 226
0.000167 8
0.000016 49
3.793917 1
0.092618 1
0.145944 1
0.110424 1
0.111340 1
0.063898 1
0.093555 1
0.564607 1
0.083591 1
0.093195 1
0.190204 1
0.111844 1
0.119007 1
0.117391 1
0.707936 1
0.134077 1
0.305022 1
0.240867 1
0.063933 1
0.428104 1
0.143951 1
0.022070 1
0.288167 11
0.005222 228
0.010418 239
1.567703 1
0.233389 2
0.190040 835
0.006359 32
0.001666 30
0.000057 62
0.002849 226
0.000186 8
0.000015 49
5.052937 1
1.121376 1
0.177441 1
0.188970 1
0.181300 1
0.317438 11
0.005015 228
0.001099 11
0.000255 30
0.000080 62
0.003359 226
0.000172 57
0.146859 1
0.120539 1
0.160911 1
0.126223 1
0.134355 1
0.057920 1
0.312918 1
0.168784 1
0.265579 1
0.094553 1
0.189139 1
0.120894 1
0.196392 1
0.215131 11
0.004564 228
0.010364 301
0.000278 30
0.000063 62
0.004132 226
0.000191 8
0.000016 49
4.271236 1
0.105182 1
0.152721 1
0.108255 1
0.090015 1
0.116811 1
0.270700 1
0.618010 1
0.051763 1
0.199412 1
0.305780 1
0.496368 1
0.236381 1
0.208824 11
0.004101 228
0.010161 30
0.000054 62
0.003017 226
0.000157 8
0.000013 49
3.337785 1
0.222661 1
0.189105 1
0.081764 1
0.213322 2
0.000020 9
0.004970 234
0.000806 30
0.000085 62
0.003157 226
0.000207 8
0.000011 49
2.823654 1
0.114235 1
0.124284 1
0.164815 1
0.132224 1
1.183757 4
0.129182 4
0.132007 4
0.143090 4
0.140035 4
0.196757 1
2.454848 1
0.065937 1
0.136594 1
0.285753 1
0.305090 1
0.445914 1
0.093745 1
0.146782 27
0.443965 11
0.005351 228
0.002609 3290
0.000251 30
0.000082 62
0.003401 226
0.000190 57
1.651978 1
0.149592 1
1.791304 1
0.150060 1
0.464142 1
0.874760 1
0.410269 1
0.212766 27
1.259549 11
0.005288 228
0.000944 3470
0.000261 30
0.000047 62
0.002935 226
0.000188 57
6.927923 1
0.198113 1
0.211328 1
0.070435 1
0.250202 11
0.004108 228
0.000010 6
