0.048812 50
0.000289 33
0.002743 229
0.000309 8
0.000011 52
9.924701 1
0.386498 1
0.237378 1
0.097396 1
0.158046 1
0.093231 1
0.730875 1
0.196361 1
0.450451 1
0.770177 1
0.228214 1
0.723629 1
0.085218 1
0.153162 1
0.433723 1
0.132778 1
0.154963 1
2.085583 1
0.309594 4
0.121280 4
0.243271 1
0.110658 1
0.960016 1
0.498519 1
0.481710 1
0.544498 1
0.077282 1
0.292590 1
0.381815 1
3.115712 11
0.000136 33
0.000063 62
0.003220 229
0.000157 8
0.000008 52
2.337733 1
0.100072 1
0.098712 1
0.063512 1
0.079416 1
0.369342 1
0.074550 1
1.246478 1
0.697712 1
0.075556 1
0.151594 1
0.286901 1
2.000365 1
0.144684 1
0.195374 1
0.495238 1
0.257229 1
0.113278 1
0.126644 1
0.457618 1
9.391284 1
0.130782 1
0.520737 4
1.520082 4
17.584182 77
0.872696 77
2.863577 1
0.163724 1
0.156468 1
0.229338 1
0.213405 1
0.159055 1
0.121674 1
0.127561 1
0.177051 1
0.086459 1
1.117514 11
0.003783 231
0.117522 19
3.575594 2
0.051314 234
0.002233 45
0.001432 33
0.000078 62
0.002588 229
0.000241 8
0.000014 52
1.726368 1
0.116892 1
1.092901 4
0.112653 4
1.562181 1
0.085167 1
0.176056 1
0.522824 1
0.056858 1
0.146917 11
0.004071 231
0.003088 552
0.000246 33
0.000048 62
0.002849 229
0.000164 8
0.000016 52
20.952104 1
0.092114 1
0.123694 1
0.103612 1
0.063503 1
0.129442 1
0.831845 1
2.747113 4
0.471093 1
0.518805 4
0.224505 1
0.152212 1
0.545490 4
0.403902 1
0.124199 1
0.192042 1
0.078323 1
0.077510 1
0.179013 1
0.220910 1
0.110602 1
0.135593 1
0.158361 1
0.141513 1
0.444562 1
0.357444 1
0.686416 1
0.135600 1
0.192375 1
0.069457 1
0.283800 1
0.284812 1
0.256016 1
0.135761 1
0.106586 1
0.265309 1
0.319334 1
0.372558 11
0.004141 231
0.001255 33
0.000016 62
0.002628 229
0.000162 60
0.260438 1
0.115525 1
0.137503 1
0.617137 1
0.067179 1
0.089677 1
0.354916 7
0.104696 11
0.004449 231
0.000030 43
0.000077 62
0.002794 239
0.000215 70
2.127564 1
0.192435 1
0.123430 1
0.354519 1
0.097214 1
0.208079 1
0.196636 1
0.499691 1
0.068623 1
2.215067 11
0.004640 241
0.005660 8
0.000040 54
0.000010 13
0.000168 58
0.000257 372
0.000016 396
0.000024 17
3.255718 6
0.000082 65
0.000816 43
0.000087 62
0.002801 239
0.000126 8
0.000008 62
1.385338 1
0.096012 1
0.080419 1
0.062721 1
0.048565 1
0.326560 1
0.056882 1
0.107407 1
0.195952 1
0.128617 1
0.071771 1
0.097129 1
0.128524 1
0.110431 1
0.166017 1
0.119239 1
0.065537 1
0.224344 1
0.079054 1
0.075451 1
0.200485 11
0.004692 241
0.027168 234
0.060560 239
81.228546 37
1.384024 25
0.178883 1059
0.000510 225
1.166108 1
0.232388 2
0.000169 6
3.464373 430
0.102836 727
0.125932 727
0.129665 727
0.000185 583
0.109534 727
0.000242 583
0.144597 727
0.005472 583
0.000049 439
0.105839 439
0.101085 439
0.101083 439
0.101038 439
0.101041 439
0.101071 439
0.101788 439
0.101429 439
0.106281 439
0.101356 439
0.111155 439
0.101841 439
0.366234 441
0.000916 25
0.301439 142
0.029207 147
0.173415 291
0.159164 291
0.009089 147
0.024805 215
0.000961 151
0.008394 291
0.057853 291
0.101003 147
0.133234 294
0.172298 291
0.000877 147
0.031357 291
0.021843 215
0.000851 151
0.179725 216
0.099487 151
0.005423 212
0.027029 151
0.007943 217
2.036851 151
1.888370 179
0.000649 6
0.019622 45
0.002286 43
0.000051 62
0.003607 239
0.000270 8
0.000035 62
0.823292 1
0.070678 1
0.100568 1
0.082443 1
0.150505 1
0.911804 1
0.075092 1
0.847759 1
0.482256 11
0.004841 241
0.017856 80
0.000952 56
0.004245 65
0.000013 18
0.000425 4095
0.000012 739
2.118142 22
0.000029 103
0.371890 43
0.471578 41
0.209287 41
0.286204 41
0.229065 37
0.065960 41
0.152576 41
0.926389 41
0.225272 41
0.148547 41
0.119843 43
0.094670 42
0.091677 42
0.211708 42
0.120854 42
0.259219 42
0.153050 42
0.634176 42
0.359779 42
0.517256 42
0.138392 43
0.343159 38
6.138743 38
0.185518 38
0.123968 38
0.080468 38
0.201960 38
0.078673 38
0.190040 38
0.147496 38
0.180994 39
0.318536 38
0.085690 38
0.756110 38
0.492026 38
0.497670 38
1.246610 40
0.232222 41
0.153094 41
0.283900 41
0.214768 41
0.068206 41
0.181998 41
0.996915 41
0.161161 41
0.211021 43
0.131021 42
0.267439 42
0.100643 42
0.233703 42
0.221482 42
0.255904 38
0.150170 38
0.096405 38
0.080872 38
0.141949 39
0.209348 38
0.094701 38
0.275796 38
0.213327 38
0.155560 38
0.069278 40
0.554947 41
0.185265 41
0.114650 41
0.215712 41
0.089406 41
0.170683 41
0.011252 29
0.562523 37
0.308547 41
0.092800 41
0.146508 43
0.087429 42
0.428097 38
0.897113 38
0.068334 38
0.323794 38
0.084101 38
0.149584 38
0.066571 38
0.401640 40
0.485987 41
0.206492 41
0.133059 41
0.248222 41
0.125822 41
0.192397 41
0.279009 41
0.073207 41
0.258954 43
0.156060 42
0.173129 42
0.316840 42
0.141479 42
0.444832 42
0.361778 38
0.254286 38
0.157937 38
0.888642 38
0.082604 39
0.170220 38
0.134577 38
0.177080 38
1.069653 38
0.088461 38
0.082507 38
0.465685 38
0.697825 38
0.882165 40
0.492016 41
0.225475 41
0.054969 41
0.286885 41
0.557468 41
0.097983 41
0.135026 41
0.165257 41
0.150960 43
0.091466 42
0.246347 42
0.142069 42
0.227039 42
0.195411 42
0.088827 42
0.145582 42
0.342325 42
0.090170 42
0.124432 43
0.253283 42
0.176805 42
0.108656 42
0.501733 38
0.737569 38
0.075106 38
0.187250 38
0.506243 39
0.119590 39
0.138300 39
0.084822 38
0.137353 38
0.670210 38
0.788541 41
0.100119 18
0.000163 36
0.109638 49
0.173540 1
0.121642 1
0.235444 1
0.126039 21
0.000108 6
0.015826 41
0.008812 70
0.002026 43
0.000093 62
0.004681 239
0.000230 8
0.000025 62
1.088359 1
0.046747 1
0.083615 1
0.099485 1
0.125996 1
1.166567 1
0.064068 1
0.112706 1
0.469477 1
0.438842 4
0.145288 1
0.097839 1
0.430185 4
0.049463 1
0.265413 1
0.104021 1
0.114522 1
0.114485 1
1.234827 11
0.004314 241
0.014920 80
0.000768 62
0.004759 65
0.000016 18
0.000638 4095
0.000014 739
0.766557 22
0.000018 94
0.494415 31
0.233464 29
0.110785 29
0.136331 29
0.229018 39
1.657366 43
0.210297 29
0.188100 29
0.258292 29
0.092357 29
0.892182 39
0.316136 29
0.118343 29
0.522627 29
0.083191 29
0.495396 29
0.128999 29
0.225306 29
0.082492 29
0.074041 31
0.575528 30
0.119299 30
0.237975 44
1.049738 41
0.100140 18
0.000136 36
0.308884 49
0.290469 1
0.217430 1
0.204016 1
0.165918 21
0.000130 12
0.026198 40
0.000517 70
0.003961 43
0.000033 62
0.002950 239
0.000124 8
0.000015 62
0.294791 1
0.067987 1
0.119359 1
0.093356 1
0.116325 1
0.178559 1
0.126196 1
0.084515 1
0.120369 1
0.109505 1
0.105648 1
0.115907 1
0.172707 1
0.197647 1
0.231372 1
0.104878 1
0.103790 1
0.116940 1
0.073720 11
0.004293 241
0.123184 43
0.000043 62
0.003436 239
0.000223 8
0.000011 62
6.075951 1
0.100437 1
0.089193 1
0.139637 1
0.404839 1
0.139885 1
0.138356 1
0.110687 1
0.147396 1
0.132684 1
0.088627 1
0.131052 1
0.188106 1
0.078020 1
0.075409 1
0.114324 1
0.308219 11
0.004753 241
0.014987 80
0.000789 64
0.004780 69
0.000011 14
0.000444 4095
0.000008 714
0.000007 25
0.648431 22
0.000019 94
2.930886 31
0.150657 29
0.072834 29
0.260920 29
0.180489 29
0.011605 29
0.448460 37
0.123908 37
0.374368 29
0.076727 29
0.162209 28
0.260140 29
0.299212 39
0.524288 30
1.656810 33
0.103038 33
0.076873 33
0.180056 33
0.169427 33
0.071867 33
0.231214 32
0.385661 34
0.060073 33
0.163556 33
0.184978 43
0.295024 28
0.368579 28
0.168395 30
1.288382 33
0.148951 33
0.076918 33
0.172773 33
0.092348 33
0.079943 33
0.195716 33
0.225651 34
0.072629 33
0.158211 33
0.071612 33
0.313304 32
0.132198 33
0.119641 33
0.138266 33
0.106729 33
0.103499 33
0.146444 34
0.099174 33
0.031857 33
0.151152 33
0.141302 33
0.147228 43
0.218223 30
1.451741 33
0.160461 33
0.118128 33
0.081146 33
0.082499 32
0.114530 33
0.135099 33
0.103786 34
0.149641 33
0.082099 33
0.237881 33
0.155212 33
0.159358 33
0.074214 33
0.161293 33
0.123875 33
0.103692 33
0.037073 34
0.480900 33
0.670068 43
0.040395 30
0.418623 33
0.071059 33
0.110029 33
0.162149 33
0.135816 33
0.100049 32
0.152463 33
0.066251 34
0.139593 33
0.157940 33
0.122488 33
0.116646 33
0.219877 33
0.093157 33
0.115423 33
0.183864 32
0.265646 33
0.031252 34
0.220943 33
0.174876 33
0.210192 33
0.315837 33
0.257631 33
0.096684 33
0.107322 33
0.054198 33
0.177134 33
0.183834 43
0.281186 30
1.477919 33
0.102611 33
0.118084 33
0.162477 33
0.121734 33
0.113509 33
0.279586 33
0.167887 34
0.079901 33
0.182996 33
0.250633 33
0.226607 33
0.099390 33
0.139267 33
0.302479 42
0.044573 33
0.147886 33
0.458336 33
0.400373 33
0.065605 34
0.626230 33
0.177733 33
0.412204 32
1.215606 33
0.096935 33
0.238668 33
0.208979 33
0.174699 43
0.307147 30
1.139451 33
0.134438 33
0.065387 33
0.094268 33
0.294923 33
0.402795 33
0.080007 33
0.049383 34
0.162342 32
0.164397 33
0.191812 32
0.263862 33
0.164536 32
1.124600 33
0.171163 33
0.138847 33
0.615786 33
0.253807 34
0.160771 33
0.130257 33
0.065598 33
0.167550 33
1.099405 32
0.695732 33
0.724331 33
0.066147 33
0.162550 33
0.107177 33
0.308822 33
0.343371 33
0.083301 33
0.228194 33
0.222462 33
0.311911 32
1.301676 33
0.194857 33
0.079943 33
0.087974 34
0.172112 33
0.162854 33
0.081572 33
0.886249 33
0.069701 33
0.096927 33
0.433952 33
1.186279 33
0.228188 33
0.195729 34
0.189529 33
0.246111 33
1.054629 33
0.090230 32
0.166040 55
0.228209 57
1.660243 30
0.577186 33
0.126969 33
0.099021 33
0.108222 33
0.251099 33
0.194812 33
0.070713 33
0.060038 34
0.192085 32
0.158805 33
0.093431 32
0.589736 32
0.120991 42
0.760567 33
0.264384 32
0.899679 33
0.585494 33
0.350280 33
0.412029 33
0.111850 33
2.404475 33
0.123481 33
0.127759 33
1.072220 43
0.070497 30
0.130086 32
1.143232 33
0.163777 33
0.187294 33
0.182664 33
0.552101 33
0.232698 33
0.329003 34
0.181639 33
0.413774 33
0.059953 33
0.149498 33
0.149613 33
0.091571 32
0.083705 33
0.088832 33
0.085167 33
0.148906 34
0.341554 33
0.095510 33
0.302697 33
0.182173 33
0.146284 33
0.158115 33
0.611461 33
0.083519 33
0.140422 33
0.280746 34
0.010005 33
0.235903 33
0.207553 42
0.129950 42
0.119720 43
0.172222 34
0.330829 33
0.224011 45
0.028602 31
0.443574 33
1.565064 34
0.144245 34
0.173467 34
0.197356 34
0.401795 34
0.539443 34
0.188241 35
0.431926 34
0.472853 44
0.121207 45
0.135347 44
0.148011 44
0.068637 34
0.351546 34
0.082302 35
0.259636 34
0.567723 34
0.071625 34
0.271079 34
0.176798 34
0.616170 34
0.159891 33
0.145454 34
0.081838 34
0.141744 35
0.148842 34
0.141225 34
0.087066 34
0.333125 34
0.078509 34
0.078932 34
0.311867 34
0.155569 45
0.119503 31
0.151777 33
1.168900 34
0.061270 34
0.182446 34
0.071930 34
0.081103 34
0.089079 34
0.163202 35
0.128736 33
0.136049 34
0.136066 34
0.150206 34
0.195564 34
0.369083 34
0.198200 34
0.757486 34
0.519559 34
1.614439 35
0.077048 34
0.475310 34
0.159920 34
0.284604 34
0.105556 34
0.130654 34
0.207306 45
0.209370 31
0.166432 33
0.469385 34
0.361549 34
0.425137 44
0.109912 44
0.027728 34
0.104255 34
0.196277 34
0.182198 34
0.451417 34
0.312744 44
0.152436 34
0.222652 34
0.403502 35
0.155926 34
0.572466 34
0.040436 34
0.201195 34
0.146458 34
0.191768 34
1.233714 33
0.395387 34
0.203715 34
0.239259 35
0.085966 34
0.072862 34
0.103732 34
0.143246 34
0.221062 34
0.093675 34
0.310235 34
0.109987 34
0.141048 34
0.119153 35
0.096947 34
0.088468 34
0.190997 33
0.508295 34
0.539325 34
0.398267 34
0.166621 34
0.051407 34
0.186485 34
0.083409 35
0.085488 34
0.079970 34
0.172970 34
0.259025 34
0.187218 34
0.108948 34
0.088720 34
2.366677 34
1.245581 34
0.110261 35
0.137036 34
0.178497 34
0.438281 34
0.316859 34
0.216019 34
0.447362 34
0.245296 34
0.200761 34
0.215100 34
0.120037 35
0.081951 34
0.080628 34
0.159794 34
0.253511 34
0.098505 34
0.095673 34
0.087496 34
0.059787 34
0.420918 45
0.109329 31
0.282095 33
0.607337 34
0.110572 34
0.155035 34
0.190728 34
0.222955 34
0.192888 34
0.471769 35
0.132073 34
0.851322 34
0.044048 34
0.161164 34
0.122043 34
0.133156 34
0.119076 33
0.251398 34
0.089922 34
0.200859 35
0.094397 34
0.116291 34
0.232903 34
0.081479 34
0.147810 34
0.116515 34
0.274556 33
0.232686 34
0.488729 34
0.099687 35
0.135409 34
0.196732 34
0.193537 34
0.925708 44
0.374176 34
0.214843 34
0.336905 34
0.186085 34
1.219151 34
0.040544 34
0.143751 34
0.053682 35
0.159621 34
0.199243 34
0.066677 34
0.149422 34
0.552565 34
0.117714 34
0.224143 45
0.136237 31
0.189609 33
1.061777 34
0.108219 34
0.112046 34
0.195300 34
0.249371 34
0.188345 34
0.306592 35
0.160814 34
0.201215 34
0.127275 34
0.182240 34
0.201081 34
0.167457 34
0.211814 34
0.048456 34
0.117772 34
0.091677 35
0.258523 34
0.092443 34
0.162821 34
0.567915 33
0.776578 34
0.265545 34
0.126928 34
0.122706 34
0.368881 45
0.124744 31
0.197481 33
0.306888 32
0.505965 58
0.419804 60
2.311065 31
0.323646 34
0.116786 34
0.347905 34
0.247047 34
0.224369 34
0.138664 34
0.061330 34
0.052700 35
0.196227 33
0.787767 34
0.086982 34
1.530953 33
0.660497 34
0.885229 34
0.529855 34
1.820049 34
0.077097 34
0.199969 35
0.261722 34
0.150361 34
0.155543 34
0.120591 34
0.375003 34
0.047851 34
0.134596 34
0.258896 34
0.897848 34
0.060437 35
0.105627 34
0.172719 34
0.293570 34
0.104331 34
0.259474 34
0.217211 34
0.172333 34
2.042100 34
0.068300 34
0.328250 35
0.159676 34
0.397264 34
0.069840 34
0.161131 34
0.192138 45
0.002512 30
0.916541 39
0.151099 30
0.464594 39
0.121269 186
0.330116 34
2.356530 34
0.171523 34
0.259591 44
0.028251 34
0.374692 34
0.393859 34
1.457411 35
0.065157 34
0.247557 34
0.139521 34
0.221195 34
0.320553 34
0.078074 34
0.152743 34
0.135792 34
0.379860 34
0.255450 58
1.526007 49
1.056380 33
0.117897 34
0.515664 45
0.064886 31
0.200669 33
0.349578 34
0.154159 34
0.198464 34
0.180457 34
0.282907 34
0.109242 34
0.159296 35
0.345926 33
0.578171 34
0.077786 34
0.182930 34
0.239494 34
0.215691 45
0.141991 31
0.130958 33
1.063324 34
0.175314 34
0.147009 34
0.186808 34
0.195395 34
0.086371 34
0.118688 35
0.174868 34
0.167186 34
0.072165 34
0.155561 33
0.162558 34
0.168786 34
0.328497 34
0.246730 34
0.059586 34
0.261913 35
0.266080 34
0.182946 34
0.066836 34
0.087224 34
0.234480 34
0.072970 34
0.120297 34
1.093104 33
0.109964 34
0.646597 35
0.144686 34
0.280384 44
0.145038 34
0.086669 34
0.214223 34
0.097793 34
0.081306 34
0.197939 34
0.097114 33
0.208543 34
0.074971 34
0.439967 35
0.290576 34
0.156041 34
0.098505 34
0.121681 34
0.116286 34
0.214845 34
0.140315 34
0.095218 34
0.621886 34
0.165227 72
0.237904 34
0.350149 45
0.095438 31
0.368175 33
0.988634 34
0.691309 34
0.191122 34
0.293898 34
0.175851 34
0.309852 44
0.113154 44
0.127116 44
0.148619 44
0.115623 44
0.048564 34
0.186663 34
0.128457 34
0.129611 34
0.152107 34
0.138713 34
0.175710 35
0.187128 34
0.119929 34
0.140089 34
0.339652 33
0.172453 34
0.169697 34
0.165070 34
0.111607 34
0.232532 46
0.156107 31
0.299049 59
0.754908 61
0.135416 31
0.962441 34
0.118197 34
0.084218 34
0.136192 34
0.215173 34
0.274735 34
0.108659 34
0.030015 35
0.200831 33
0.169349 34
0.584834 33
0.188225 34
0.727591 34
2.263768 34
1.777519 34
2.381140 34
0.059652 34
0.209503 35
0.295632 34
0.112412 34
0.104513 34
0.432016 66
1.318014 49
0.114399 34
0.179916 33
0.159441 34
0.151808 34
0.286709 35
0.174680 34
0.898487 33
0.084266 34
0.324236 34
0.125541 34
0.112223 34
0.203388 33
0.125490 57
0.271461 60
0.376360 53
2.076199 41
0.100534 18
0.000501 36
0.071194 49
0.257887 1
0.101752 1
0.821610 1
0.000025 20
0.000172 14
0.007719 42
0.000423 70
0.002424 43
0.000056 62
0.004210 239
0.000282 8
0.000021 62
10.433461 1
0.094397 1
0.086242 1
1.174306 1
0.976005 1
0.127699 1
0.088516 1
0.112845 1
0.115726 1
0.175572 1
0.764173 1
0.091440 1
0.089018 1
0.142950 1
0.108963 1
0.064688 1
0.285928 1
0.309380 4
0.084583 1
0.214345 1
0.138584 1
0.097575 1
0.738195 1
0.288778 1
0.243036 1
8.358907 19
0.000017 11
0.000149 43
0.001180 87
0.003254 239
0.000187 70
2.375666 1
0.074626 1
0.089043 1
0.119428 1
1.474733 1
0.191923 1
0.089274 1
0.111527 1
0.140085 1
0.321493 1
0.137161 1
0.054047 1
0.345094 1
0.176411 1
0.185561 1
0.273250 1
0.180440 1
0.191198 1
0.040924 1
0.678956 11
0.004621 241
0.015964 80
0.000575 67
0.005165 69
0.000066 14
0.000586 4095
0.000014 739
0.061703 47
0.846823 22
0.000016 94
0.773519 31
0.148165 29
0.090455 29
0.811432 29
0.084840 29
0.115199 29
0.147604 29
0.150439 29
0.171528 66
0.160573 44
0.128990 28
0.442980 28
0.349562 28
0.151222 182
0.271199 44
1.735363 29
0.177711 29
0.230249 59
0.242985 45
0.644192 29
0.110517 29
0.153764 29
0.180863 29
0.159024 31
0.210758 66
1.432207 29
0.137166 30
0.166878 30
0.268126 30
0.164481 30
0.100176 30
0.283773 66
0.545260 42
0.168748 31
0.170930 30
0.256647 46
1.542417 29
0.045585 29
0.079992 29
0.229371 29
0.128216 31
0.158455 30
0.086729 30
0.389789 30
0.113628 30
0.189250 30
0.202064 30
0.058183 30
0.109706 30
0.092939 30
0.180788 76
0.352534 29
0.182384 30
0.148469 30
0.244477 30
0.183711 30
0.330630 30
0.170929 46
1.445069 29
0.070770 29
0.143032 29
0.317000 29
0.220620 31
0.083047 30
0.129399 30
0.060391 30
0.287199 69
0.659259 29
0.178096 30
0.296729 30
0.066973 30
0.148400 30
0.163994 46
1.247454 29
0.066494 29
0.188269 29
0.099385 29
0.186792 31
0.187713 30
0.083527 30
0.214179 30
0.111964 30
0.088274 30
0.247762 30
0.282138 72
0.381841 48
0.057905 28
1.055032 28
1.442414 29
0.155825 29
0.116471 31
0.217157 30
0.090322 30
0.170574 30
1.089098 30
0.181580 30
0.103035 30
0.088920 30
0.062624 30
0.199807 30
0.057251 31
0.260134 30
0.155172 30
0.172086 30
0.119366 30
0.305064 30
0.171076 30
0.143454 81
1.457539 29
0.419743 30
0.053973 45
0.261399 30
0.156230 30
0.121063 30
0.184685 30
0.290580 39
0.067217 30
0.869031 30
0.252624 30
0.618566 30
0.125991 30
0.117101 30
0.105001 31
0.081513 30
0.583797 30
0.085896 30
0.245926 30
0.154487 30
0.174689 30
0.217176 30
0.074133 30
0.134044 30
0.220557 78
0.280280 76
1.346089 29
0.139652 29
0.105958 31
0.192869 30
0.110683 30
0.140493 30
0.256331 30
0.158861 30
0.188778 30
0.122476 30
0.220858 30
0.151883 30
0.235393 31
0.390764 30
0.081704 76
1.022780 29
0.625242 30
0.072856 44
0.308326 30
0.160850 30
0.164313 30
0.181274 30
0.108886 31
0.151932 30
0.306981 30
0.154739 30
0.175015 30
0.139430 30
0.253277 30
0.334088 30
0.223896 30
0.247154 30
0.338131 78
0.375367 76
1.523419 29
0.145837 29
0.167558 31
0.196004 30
0.099732 30
0.150376 30
0.237523 30
0.103199 30
0.136846 30
0.086414 30
0.442761 72
0.112648 29
0.990333 31
0.091534 44
0.248145 30
0.139913 30
0.118929 30
0.182757 30
0.087546 30
0.149269 30
0.325883 30
0.074472 30
0.131673 31
0.082733 30
0.102450 77
0.283730 78
1.030110 30
0.167000 30
0.258631 32
0.198377 31
0.123672 31
0.155952 31
0.204616 31
0.093037 31
0.244804 31
0.198113 31
0.011413 31
0.452120 31
0.204885 41
0.113249 41
0.121926 31
0.370802 41
0.105314 31
0.263264 31
0.284436 41
0.165797 31
0.119796 32
0.187592 31
0.388083 31
0.278429 41
0.194590 78
0.498218 30
1.019988 31
0.044914 45
0.177601 31
0.170910 31
0.172937 31
0.221697 31
0.309294 32
0.181842 31
0.293597 31
0.092725 31
0.224780 31
0.160002 31
0.180421 31
0.103112 31
0.158457 31
0.237440 31
0.113484 80
0.344859 79
1.663818 29
0.426301 30
0.066613 30
0.141726 30
0.149194 30
0.225415 32
0.094221 31
0.177988 31
0.153400 69
1.630003 50
0.680020 38
0.268718 29
1.068131 32
0.261226 31
0.121844 31
0.076013 31
0.083729 31
0.823273 41
0.125883 41
0.144908 41
0.195992 41
0.594498 31
0.160261 31
0.224364 31
0.143127 31
0.264149 31
0.094194 31
0.103107 31
0.149514 31
0.396249 31
0.144272 32
0.085544 31
0.449792 41
0.055334 31
0.534235 41
0.239304 31
0.160444 31
0.770683 31
0.738835 31
0.244938 31
0.117004 31
0.157609 31
0.059040 31
0.963644 83
0.625126 59
1.168893 31
0.132023 31
0.195556 31
0.106449 31
0.235521 31
0.100553 31
0.087069 31
0.128365 31
0.301248 31
0.150897 32
0.118823 31
0.194195 31
0.066612 31
0.952711 30
0.915868 41
0.228404 39
5.923754 39
0.099395 39
0.088042 39
1.394076 41
0.134418 41
0.142703 41
2.446920 39
0.341059 39
0.584007 39
0.800979 40
0.243272 39
0.100486 39
0.198560 39
0.240825 39
0.096168 39
0.082461 39
0.193553 39
3.898034 39
0.106014 39
0.109848 40
0.190599 39
0.212750 39
0.267339 39
0.086394 39
0.188675 39
0.241485 39
1.697556 50
0.686949 29
2.592446 30
0.088257 30
0.191634 30
0.173109 30
0.079071 32
0.086563 31
0.186972 31
0.427109 41
0.177946 31
0.096624 31
0.220312 70
4.501640 30
0.107974 45
0.934027 39
0.730074 39
0.083960 39
1.212595 41
0.130634 41
0.142958 41
0.280249 39
1.124222 39
0.352882 39
0.363117 40
0.308211 39
0.084252 39
0.177044 39
0.677957 39
0.262790 78
0.461338 76
1.542375 30
0.112413 30
0.177195 30
0.185883 30
0.123768 32
0.124105 31
0.183357 31
0.233119 69
0.248624 30
0.179667 31
0.121111 31
0.163190 31
0.181794 31
0.266223 31
0.158598 32
0.958800 31
0.107322 31
0.159038 31
0.246742 31
0.149508 31
0.106638 31
0.108695 31
0.147550 31
1.155273 48
0.168371 29
0.942088 29
0.580562 47
0.475173 29
0.250564 29
4.789850 30
0.063748 30
0.151165 30
0.099775 30
0.204551 30
0.087119 30
1.066938 30
0.073777 30
0.143003 32
0.210665 31
0.100273 31
0.097808 69
0.348387 46
1.215053 30
0.135472 30
0.133396 30
0.204901 30
0.393451 63
0.161113 29
0.138802 46
0.465637 39
5.833655 41
0.122197 40
0.303805 29
0.433611 47
0.404239 38
0.358863 29
0.385670 30
0.069202 30
0.066048 32
0.498442 40
0.121113 39
0.132010 39
0.210928 30
0.120880 30
0.189662 32
0.260702 48
1.504450 38
0.091407 29
1.128881 29
0.126879 39
0.136502 29
0.147279 29
0.136578 29
0.140826 29
0.147665 183
0.143574 40
0.140910 39
0.145375 39
0.144766 29
0.151844 39
0.312187 29
0.143321 29
0.159812 29
0.154594 29
0.254963 181
0.391281 29
0.163126 46
0.526246 40
0.179453 46
0.374460 68
0.547298 30
0.868879 70
0.540420 70
0.071989 70
0.104969 70
0.116029 90
0.713197 77
0.326818 70
0.844214 70
0.144096 70
0.109966 71
0.179400 70
0.098410 70
2.614382 70
0.180796 70
0.159576 70
0.080029 70
0.077007 70
0.180392 90
0.632156 77
1.213445 71
0.691414 70
0.171191 70
0.075080 70
0.177114 70
0.186163 90
0.421155 77
1.034286 70
0.611608 70
0.296775 70
0.231390 91
0.310243 77
0.594288 70
0.292947 70
0.124367 70
0.126720 70
0.101306 70
0.108040 70
0.216672 70
0.104976 70
0.062227 71
0.197264 70
0.250284 90
0.621776 77
0.509933 70
0.389407 85
0.213641 70
0.710359 70
0.154010 90
1.001398 73
0.109938 73
0.408517 70
0.328609 70
3.361413 70
0.715220 70
0.115606 70
0.069162 71
0.237078 90
0.299534 77
1.298991 70
0.500377 70
0.226391 70
1.632998 70
0.807569 70
0.174789 70
0.091084 70
0.973835 73
0.113857 73
0.116394 73
0.221675 70
0.443551 70
0.152965 70
0.152013 71
0.214843 70
0.071133 70
0.205706 70
1.151059 70
0.147392 70
0.119755 70
0.104088 70
0.058642 70
0.184788 70
0.084196 71
0.245722 70
0.170545 70
0.180375 70
0.276424 70
0.102006 70
0.157902 70
0.495158 70
0.914105 90
1.586708 96
0.633092 30
0.043724 53
0.032936 30
0.040542 30
0.039289 30
0.039965 30
0.039989 30
0.040152 31
0.040564 30
0.039658 30
0.040082 30
0.039956 30
0.040336 30
0.039448 30
0.039961 30
0.040220 30
0.040031 30
0.040405 31
0.039144 30
0.041227 52
0.039938 30
0.039745 45
0.039988 30
0.039488 30
0.040102 30
0.040024 30
0.039883 30
0.454553 102
0.104456 101
0.126299 101
0.214307 101
0.294447 30
0.559829 81
0.429600 103
0.205299 104
0.115665 103
0.117848 103
0.385953 103
0.222448 89
0.545331 64
0.684357 74
2.574739 30
0.080988 30
0.106186 30
0.104125 30
0.077401 30
0.235984 30
0.152541 32
0.097866 31
0.183634 68
0.295224 30
0.262455 39
0.376423 33
0.402896 52
0.178939 39
0.129416 35
0.463975 31
0.428167 41
0.229412 46
1.272852 30
0.076176 30
0.115486 30
0.088447 30
0.151584 30
0.092082 30
0.129587 32
0.359244 67
0.280853 30
0.463648 39
0.188325 33
0.129096 47
1.429091 30
0.120317 30
0.227840 30
0.164259 30
0.277963 30
0.061309 30
0.155673 32
0.294509 67
0.216338 30
0.402686 39
0.102184 46
0.924757 30
0.179599 30
0.096842 30
0.108335 30
0.181312 30
0.164175 30
0.195393 32
0.090145 31
0.145190 31
0.194669 31
0.157494 31
0.337490 31
0.196848 72
0.469753 30
0.418166 39
0.082815 39
0.214357 36
0.366058 46
0.252866 29
0.355662 45
0.319765 29
1.022500 30
0.074452 30
0.168169 30
0.142678 30
0.688951 30
0.185502 30
0.633506 30
0.468347 64
0.758877 45
0.363690 30
0.079746 30
0.473392 30
0.237831 30
0.128009 30
0.144365 30
0.071842 32
0.202944 67
0.170962 48
0.114260 45
0.293850 29
0.126997 29
1.272439 30
0.070882 30
0.132513 30
0.165422 30
0.084828 30
0.112376 30
0.284836 30
0.133548 30
0.213600 32
0.360459 40
0.158073 67
0.276581 46
0.913890 30
0.067233 30
0.180519 30
0.174996 30
0.069186 30
0.128348 30
0.191747 67
0.177730 48
0.633071 30
0.259161 30
0.111301 30
0.112422 30
0.141958 32
0.071452 31
0.404874 31
0.244828 41
0.176146 68
0.591846 30
0.193536 31
0.099950 31
0.521158 31
0.225619 31
0.262150 31
0.118423 31
0.887719 43
0.100571 19
0.000168 38
0.140345 50
0.444508 1
0.114664 1
0.222982 1
0.119383 21
0.000058 17
0.007888 42
0.000389 70
0.002835 43
0.000057 62
0.002904 239
0.000210 8
0.000017 62
11.510183 1
0.144531 1
0.212054 1
0.117431 1
0.011850 1
0.423430 1
0.079695 11
0.004318 241
0.007696 11
0.000193 43
0.000032 62
0.002555 239
0.000150 8
0.000015 62
7.360581 1
0.136110 1
0.189222 1
0.099949 1
0.061688 1
5.090311 1
0.343931 1
0.559212 4
0.115487 4
5.585772 4
0.116102 4
0.137331 4
0.587451 1
0.091412 1
0.349222 1
0.508194 1
0.082175 1
0.111906 1
0.098530 1
0.069764 1
0.073004 1
0.083360 1
0.208102 1
0.079636 1
0.093392 1
0.181507 1
0.193778 1
0.115864 1
0.155006 1
0.091266 1
0.115405 1
0.077139 1
0.294520 1
0.700397 1
0.180792 1
0.097582 1
0.209599 1
0.308659 1
0.174346 1
0.171884 1
0.266722 1
0.301926 1
0.210820 1
0.101830 1
0.237426 1
0.122934 1
0.197183 1
0.075436 1
0.407286 1
0.330314 1
0.082254 1
0.068909 1
0.157070 1
0.105756 1
0.557909 11
0.004848 241
0.125470 19
3.282339 2
0.367993 235
1.636250 111
0.002500 45
0.002040 43
0.000101 71
0.003281 239
0.000152 8
0.000013 62
2.478687 44
0.109411 130
1.100766 25
1.063033 11
0.004648 241
0.015952 80
0.000618 55
0.000015 10
0.001856 83
0.007974 2374
4.869072 26
0.000158 45
0.149064 25
0.000184 42
0.134370 25
0.000149 46
0.145031 25
0.000147 48
0.139612 26
0.000160 45
0.146064 25
0.000165 46
0.155755 25
0.000232 48
0.143002 26
0.000161 47
0.150524 26
0.000155 48
0.159242 26
0.000187 47
0.142963 26
0.000145 47
0.272586 26
0.000163 47
0.620087 24
0.000018 99
19.488571 29
1.776612 69
0.689642 29
0.243334 259
0.609378 29
0.242189 29
0.208597 29
0.142317 70
0.166245 29
0.139367 29
0.148418 29
0.125878 68
0.244037 29
0.149664 29
0.084475 30
0.088949 75
0.325582 29
0.146962 29
0.083598 29
0.113175 74
0.950310 41
0.100502 18
0.000129 36
0.369630 49
0.661019 1
0.093455 1
0.069527 1
0.000169 20
0.000047 17
0.027201 30
0.000513 70
0.002048 43
0.000052 62
0.003946 239
0.000269 8
0.000010 62
0.549237 19
0.106313 63
0.358795 11
0.004350 241
0.327241 235
0.039874 174
0.002292 45
0.001934 43
0.000061 71
0.003380 239
0.000151 8
0.000012 62
3.427631 44
0.115430 145
1.289741 11
0.005037 241
0.015869 80
0.000706 55
0.000013 10
0.001876 83
0.008023 2384
0.722961 25
0.000171 42
0.139042 25
0.000176 43
0.150584 25
0.000174 42
0.165468 25
0.000154 42
1.597825 25
0.000162 42
0.180993 25
0.000182 42
7.298636 23
0.000022 96
5.745512 79
0.563324 29
0.912989 29
0.198183 29
0.333832 240
0.374385 239
0.148614 29
0.195148 72
0.131502 71
0.169941 29
0.158049 70
0.136375 69
0.121611 30
0.197680 77
0.138091 76
0.116861 29
0.185085 76
0.127241 75
3.894374 29
0.200159 30
0.160214 29
0.181287 29
0.521422 29
18.477919 69
0.131169 69
0.792693 29
0.398274 29
0.312967 261
0.143361 261
0.100643 29
0.162745 29
0.208001 29
0.208549 29
0.506159 29
0.387198 72
0.167028 72
0.158973 29
0.281261 29
0.172453 70
0.142454 70
0.116863 30
0.928988 29
0.273997 77
0.145526 77
0.379021 29
0.104927 29
0.299069 76
0.168593 76
0.882894 31
0.255101 31
2.516546 41
0.100401 18
0.000049 36
0.205987 49
0.849953 1
0.109750 1
0.233540 1
0.175327 21
0.000119 17
0.028270 30
0.000642 70
0.002732 43
0.000046 62
0.003775 239
0.000329 8
0.000015 62
0.526340 19
0.091320 63
0.546960 11
0.005227 241
0.296658 235
0.142534 192
0.099885 196
0.100835 196
0.099454 196
0.100205 196
0.100566 196
0.099430 196
0.099430 196
0.100773 196
0.099827 196
0.099659 196
0.100664 196
0.099289 196
0.100404 196
0.100019 196
0.099135 196
0.100200 196
0.100235 196
0.100195 196
0.100147 196
0.100182 196
0.099401 196
0.100097 196
0.100259 196
0.100089 196
0.100177 196
0.099175 196
0.100291 196
0.100456 196
0.099011 196
0.100330 196
0.100250 196
0.100153 196
0.100558 196
0.099327 196
0.100591 196
0.099445 196
0.100160 196
0.100396 196
0.099053 196
0.100242 196
0.100204 196
0.100099 196
0.100382 196
0.099068 196
0.100173 196
0.100272 196
0.099468 196
0.100131 196
0.100550 196
0.100148 196
0.099154 196
0.100305 196
0.100217 196
0.100271 196
0.099117 196
0.100222 196
0.099755 196
0.100151 196
0.100152 27
0.000016 201
0.100336 228
0.100050 27
0.000029 201
0.100248 228
0.099302 228
0.100279 230
0.100141 27
0.000018 203
0.100211 230
0.099823 232
0.099874 232
0.099718 232
0.099969 232
0.100097 232
0.100453 232
0.099288 232
0.099834 232
0.100237 232
0.100124 232
0.099792 232
0.100306 232
0.100269 232
0.099480 232
0.100027 232
0.100558 232
0.099231 232
0.100760 232
0.100011 232
0.100135 232
0.100073 232
0.099167 232
0.100160 232
0.099929 232
0.100214 232
0.100288 232
0.100194 232
0.099219 232
0.100550 27
0.000019 205
0.099781 232
0.100350 27
0.000022 205
0.099868 232
0.099163 232
0.101067 232
0.099863 232
0.099183 232
0.100056 232
0.100986 232
0.099597 232
0.099739 232
0.100334 232
0.099202 232
0.100322 232
0.099930 232
0.100111 232
0.100358 232
0.100016 232
0.099435 232
0.099984 232
0.099877 232
0.100243 27
0.000018 205
0.100750 27
0.000018 205
0.099677 232
0.099567 232
0.100236 232
0.099476 232
0.100312 27
0.000018 205
0.100488 232
0.099833 232
0.099640 232
0.100459 232
0.100238 232
0.099122 232
0.100124 232
0.100580 232
0.099647 232
0.100301 27
0.000028 205
0.099186 232
0.100208 232
0.099966 232
0.100034 232
0.099920 232
0.100910 232
0.099211 232
0.099779 232
0.100855 232
0.099537 232
0.100576 27
0.000020 205
0.099954 27
0.000015 205
0.100003 232
0.099169 232
0.100652 232
0.099247 232
0.100846 232
0.099813 232
0.100009 232
0.100220 232
0.100012 232
0.099367 232
0.099636 232
0.100276 232
0.100280 233
0.100376 233
0.099734 28
0.000017 205
0.099459 233
0.100174 233
0.100726 233
0.099843 233
0.099362 233
0.099754 233
0.100733 233
0.099550 233
0.100548 233
0.099199 233
0.100658 233
0.100089 28
0.000013 205
0.099404 233
0.100134 233
0.100260 233
0.099409 233
0.100915 233
0.099310 28
0.000019 205
0.099823 233
0.100451 233
0.100159 233
0.099887 233
0.100168 233
0.099931 28
0.000025 205
0.099647 233
0.100446 28
0.000014 205
0.099201 233
0.100770 233
0.099874 233
0.099856 233
0.100315 233
0.099883 233
0.099470 233
0.099961 233
0.100115 233
0.100405 28
0.000013 205
0.100071 233
0.099752 233
0.100290 233
0.100026 28
0.000016 205
0.099483 28
0.000022 205
0.099803 233
0.100123 233
0.100421 233
0.099990 233
0.099518 233
0.100628 233
0.099614 233
0.100514 233
0.099932 233
0.099975 233
0.099772 233
0.099810 233
0.099848 233
0.100577 28
0.000015 205
0.099715 233
0.100101 233
0.100000 233
0.099519 233
0.099986 233
0.100023 233
0.100360 233
0.099976 233
0.099839 233
0.100559 233
0.099399 28
0.000015 205
0.099944 28
0.000018 205
0.100068 233
0.100480 233
0.099744 233
0.100157 233
0.099445 233
0.100224 233
0.099674 233
0.100497 233
0.099411 233
0.100821 233
0.100028 233
0.100172 233
0.099716 233
0.100027 233
0.099868 233
0.099789 233
0.099734 233
0.100469 233
0.100323 233
0.099381 233
0.100112 233
0.100169 233
0.100084 28
0.000019 205
0.100159 233
0.099580 233
0.100163 233
0.099408 233
0.100807 233
0.099814 233
0.100056 233
0.099830 233
0.100385 233
0.099700 233
0.099910 233
0.100045 233
0.100350 233
0.099243 233
0.100609 233
0.100229 28
0.000023 205
0.099300 233
0.100362 233
0.100294 233
0.099358 233
0.100577 233
0.099683 233
0.100094 28
0.000018 205
0.099737 233
0.100380 233
0.099747 233
0.100521 233
0.099818 233
0.099498 233
0.100403 233
0.100041 233
0.099680 28
0.000017 205
0.100029 233
0.099693 233
0.100667 233
0.099790 233
0.099321 233
0.100807 233
0.100185 233
0.099399 28
0.000031 205
0.099995 233
0.100367 233
0.100191 233
0.099523 233
0.100258 28
0.000031 205
0.099448 233
0.100025 233
0.100639 233
0.099353 233
0.100357 233
0.100105 233
0.099828 233
0.100458 233
0.099187 233
0.100367 233
0.100113 28
0.000018 205
0.099495 233
0.099816 233
0.100345 233
0.099998 233
0.099836 28
0.000021 205
0.100218 233
0.100216 233
0.100191 233
0.099497 233
0.099822 28
0.000016 205
0.100258 233
0.099621 233
0.101013 233
0.099362 233
0.100529 233
0.099835 233
0.099176 233
0.101023 233
0.099187 233
0.099842 233
0.100528 28
0.000020 205
0.099883 233
0.099588 233
0.100885 233
0.099920 233
0.099999 28
0.000019 205
0.099571 28
0.000016 205
0.100399 233
0.099731 28
0.000018 205
0.099621 233
0.100146 28
0.000028 205
0.099936 233
0.100284 233
0.099579 233
0.100417 233
0.099854 233
0.099752 28
0.000023 205
0.100080 28
0.000020 205
0.100205 233
0.100381 233
0.100047 233
0.099520 233
0.099940 233
0.100495 233
0.099874 233
0.099916 233
0.099464 233
0.099934 28
0.000015 205
0.100727 233
0.099894 28
0.000026 205
0.099900 28
0.000017 205
0.100195 233
0.099862 233
0.099713 233
0.100548 233
0.099686 14
0.000022 219
0.099917 233
0.099414 233
0.100232 233
0.100489 233
0.099982 28
0.000016 205
0.099263 233
0.100884 28
0.000020 205
0.099624 233
0.100272 233
0.099937 233
0.099393 233
0.100146 233
0.100172 28
0.000019 205
0.100486 233
0.099354 233
0.099962 28
0.000020 205
0.100033 233
0.100460 233
0.099233 233
0.100678 233
0.099765 233
0.100405 233
0.099872 233
0.099807 28
0.000023 205
0.099785 233
0.100410 233
0.099910 28
0.000022 205
0.099926 233
0.099646 233
0.100359 233
0.099653 233
0.100512 233
0.099471 233
0.100356 233
0.099569 233
0.100096 233
0.100273 233
0.099991 233
0.100034 233
0.100064 233
0.100007 233
0.099871 28
0.000020 205
0.100124 28
0.000016 205
0.099370 233
0.100084 233
0.100141 233
0.100684 233
0.099034 28
0.000015 205
0.100272 233
0.100226 233
0.100160 233
0.100052 233
0.100179 233
0.099818 233
0.100293 233
0.099614 28
0.000014 205
0.100353 233
0.099048 233
0.100411 233
0.100290 233
0.099401 28
0.000014 205
0.099899 233
0.100451 233
0.099928 233
0.100455 233
0.099071 233
0.100436 233
0.099571 233
0.100669 233
0.099900 233
0.099945 233
0.100443 233
0.099404 233
0.100363 28
0.000017 205
0.099622 233
0.100083 233
0.100431 233
0.099879 28
0.000018 205
0.099676 233
0.100332 233
0.099644 28
0.000020 205
0.100201 233
0.099855 28
0.000020 205
0.099830 233
0.100333 233
0.100236 233
0.099506 233
0.100606 233
0.099798 233
0.100018 233
0.099999 233
0.100208 233
0.099773 233
0.099761 28
0.000016 205
0.100371 233
0.099368 233
0.100405 233
0.099527 233
0.100325 233
0.100203 233
0.099787 233
0.099653 233
0.100257 233
0.100271 233
0.099827 233
0.099550 233
0.100343 233
0.100431 233
0.099081 233
0.100073 233
0.100886 233
0.099276 233
0.100210 233
0.100473 28
0.000022 205
0.099862 233
0.099882 233
0.100178 233
0.100170 233
0.099736 233
0.100033 233
0.099200 233
0.100029 233
0.100556 233
0.100065 233
0.100178 233
0.099556 233
0.100051 233
0.100507 28
0.000021 205
0.099477 233
0.100051 233
0.099748 233
0.100761 233
0.099077 233
0.100750 233
0.099876 28
0.000015 205
0.099828 233
0.099464 233
0.100435 28
0.000022 205
0.100326 233
0.100203 233
0.100036 233
0.099262 28
0.000025 205
0.100759 233
0.100051 233
0.099734 233
0.099898 233
0.100354 233
0.099454 233
0.100503 233
0.099258 233
0.100624 233
0.099992 233
0.099454 233
0.100309 233
0.100399 233
0.099946 233
0.099386 233
0.099598 233
0.100409 28
0.000019 205
0.100299 233
0.100213 227
0.000012 6
0.099371 233
0.100569 233
0.099744 233
0.099737 233
0.100722 233
0.099276 233
0.099631 233
0.100960 233
0.099182 28
0.000018 205
0.100777 233
0.099853 233
0.099898 233
0.100356 233
0.099931 233
0.099536 233
0.099908 233
0.100438 233
0.099470 233
0.100748 233
0.099749 233
0.099927 233
0.099504 233
0.100647 233
0.099851 233
0.100056 233
0.099918 233
0.099309 233
0.100674 233
0.099475 233
0.100479 28
0.000025 205
0.099612 233
0.100418 233
0.099512 28
0.000019 343
0.100790 544
0.099407 544
0.100467 544
0.099305 544
0.131108 544
0.069558 544
0.099407 544
0.100425 544
0.099367 544
0.100338 544
0.100412 544
0.100451 544
0.099291 544
0.100151 544
0.099415 544
0.100195 544
0.100438 28
0.000025 516
0.099310 544
0.100557 544
0.100258 544
0.099430 544
0.100218 544
0.100478 544
0.099394 544
0.100539 544
0.099330 544
0.100747 544
0.100008 544
0.099216 544
0.100458 544
0.099332 544
0.100360 544
0.100296 544
0.100199 544
0.099705 544
0.100673 544
0.099704 544
0.099475 544
0.100407 544
0.099343 544
0.100433 544
0.100422 544
0.099634 544
0.100525 544
0.099412 544
0.100435 544
0.099502 544
0.100391 544
0.099298 544
0.100502 544
0.100322 544
0.099231 544
0.100661 544
0.099428 544
0.100378 544
0.332951 544
0.000050 1088
0.066512 544
0.100753 544
0.099359 544
0.100293 544
0.099327 544
0.100518 544
0.100379 544
0.099167 544
0.100209 544
0.100387 544
0.100373 544
0.099178 544
0.100424 544
0.099424 544
0.100755 544
0.099356 544
0.100278 544
0.100217 544
0.099393 544
0.100102 28
0.000015 516
0.100170 544
0.100238 544
0.100147 544
0.100279 544
0.099163 544
0.100490 544
0.100376 544
0.099169 544
0.100488 544
0.100165 544
0.099272 544
0.100506 544
0.100341 544
0.099468 544
0.100258 544
0.100158 28
0.000015 516
0.099132 544
0.100205 544
0.100244 544
0.100191 544
0.100313 544
0.099190 544
0.100456 544
0.100271 544
0.099417 544
0.100216 544
0.100679 544
0.099273 544
0.100225 544
0.195458 544
0.004040 544
0.100677 544
0.099207 544
0.100355 544
0.100358 544
0.099494 544
0.100223 544
0.100480 544
0.099479 544
0.100611 544
0.099535 544
0.100465 544
0.099109 544
0.100604 544
0.100015 544
0.100512 544
0.099875 544
0.099418 544
0.100556 544
0.099471 544
0.100436 544
0.099416 544
0.100600 544
0.099440 544
0.100456 544
0.099479 544
0.100469 544
0.099196 544
0.100174 544
0.100233 544
0.100521 544
0.099428 544
0.100446 544
0.099175 544
0.100402 544
0.100396 544
0.099127 544
0.100262 544
0.100343 544
0.100152 544
0.100350 544
0.099346 544
0.100233 544
0.099359 544
0.100433 544
0.100907 544
0.099487 544
0.099114 544
0.100280 544
0.100225 544
0.100296 544
0.100141 544
0.099555 544
0.100215 544
0.100093 544
0.099426 544
0.100526 544
0.099282 544
0.100563 544
0.100342 544
0.100113 544
0.099295 544
0.100496 544
0.100199 544
0.099481 544
0.100388 544
0.099159 544
0.100229 544
0.100460 544
0.100308 544
0.099411 544
0.122490 544
0.077361 544
0.100313 544
0.100129 544
0.100246 544
0.099243 544
0.100797 544
0.099324 544
0.100118 544
0.100570 544
0.099241 544
0.100818 544
0.099264 544
0.100024 544
0.100415 544
0.100289 544
0.099289 544
0.100232 544
0.100466 544
0.099209 544
0.100240 544
0.100497 544
0.099417 544
0.100394 544
0.100171 544
0.099549 544
0.100431 544
0.099722 544
0.099329 544
0.100381 544
0.100388 544
0.099242 544
0.100160 544
0.100263 544
0.100221 544
0.100401 544
0.099184 544
0.100234 544
0.100518 544
0.099462 544
0.100119 544
0.099383 544
0.100187 544
0.100700 544
0.099376 544
0.100523 544
0.100093 544
0.099328 544
0.100129 544
0.100412 544
0.100251 544
0.366376 544
0.000060 1088
0.033437 544
0.099187 544
0.100524 544
0.100314 544
0.100117 544
0.099232 544
0.100413 544
0.099416 544
0.100140 544
0.100557 544
0.100329 544
0.099445 544
0.100149 544
0.100067 544
0.017855 201
0.000019 352
0.002393 45
0.002256 43
0.000102 62
0.003962 239
0.000338 8
0.000014 62
4.662943 1
0.088385 1
0.091424 1
0.179028 1
0.125230 1
0.093041 1
0.698564 1
0.091982 1
0.045196 1
0.926913 1
0.109892 1
0.119258 1
0.490714 1
0.083038 1
0.120158 1
0.106880 1
0.050314 1
0.094800 1
0.097002 1
0.823708 1
0.214609 1
0.183289 1
0.265938 1
0.101965 1
1.479609 1
0.389081 1
0.090067 1
0.310935 1
0.149636 1
0.257246 1
0.257546 1
0.777383 1
0.220135 1
1.220102 1
0.156191 1
0.906154 1
0.144350 1
0.099780 1
0.197940 1
0.092152 1
0.072774 1
0.249280 1
1.257706 1
0.477120 1
0.084264 1
0.396696 1
0.081195 1
0.162047 1
0.076661 1
0.138843 1
0.136811 1
0.719781 1
0.083197 1
2.277127 1
0.109525 1
0.082267 1
0.211329 1
0.163179 1
2.592862 1
0.880119 1
0.093960 1
0.090921 1
0.443717 1
0.955150 1
0.285460 1
0.167807 1
0.682160 1
0.182077 1
0.150840 1
0.429736 1
0.101593 1
0.686545 1
0.102544 1
0.129560 1
0.110768 1
0.150125 1
0.212334 1
0.128499 1
0.206162 1
0.102071 1
0.200480 1
0.217648 1
0.186701 1
0.304303 1
0.598394 1
3.749954 11
0.005105 241
30.018266 92
0.000274 43
0.000115 71
0.003452 239
0.000336 8
0.000015 62
4.390846 1
0.057276 1
0.129827 1
0.087880 1
0.049247 1
0.083519 1
0.078251 1
0.182232 1
0.190956 1
0.172767 1
0.238898 1
0.087421 1
0.237060 1
0.300959 1
0.102925 1
0.385265 1
0.160649 1
0.107233 1
0.383313 1
0.165607 1
0.286555 1
0.407610 1
0.237325 1
0.753653 1
0.149067 1
0.161071 1
0.231927 1
0.136648 1
0.102689 1
0.347647 1
0.666388 1
0.110379 1
0.188202 1
0.108344 1
0.080630 1
0.415153 1
0.335841 1
0.390789 1
4.461125 1
0.156481 1
0.119911 1
0.081482 1
0.200424 1
0.092909 1
0.202184 1
0.140121 1
0.245202 1
0.717494 1
0.100747 1
0.065332 1
0.354169 1
0.330724 1
1.042582 1
0.122756 1
0.078484 1
0.467549 1
0.127839 1
0.230110 1
0.109963 1
0.111451 1
0.069825 1
0.181050 1
0.122577 1
0.147127 1
0.203500 1
0.147137 1
0.124968 1
0.122619 1
0.216576 1
0.167690 1
0.165243 1
0.166826 1
0.848777 4
0.287689 1
0.477001 1
0.475193 11
0.004832 241
0.010192 92
0.000267 43
0.000076 71
0.002912 239
0.000181 8
0.000012 62
4.934789 73
0.326531 273
0.440044 261
0.514285 273
0.175670 1
0.576421 261
1.077921 73
0.529598 5
0.069226 5
0.076435 9
0.069594 5
0.044524 5
0.878315 11
0.004711 241
0.313694 235
0.061355 82
0.003096 216
0.003661 45
0.001648 43
0.000031 62
0.003541 239
0.000170 8
0.000012 62
14.899192 1
0.522616 4
3.973866 1
0.062263 1
0.192930 1
0.114182 1
0.088704 1
0.092311 1
0.052944 1
0.206228 1
0.098197 1
0.065936 1
0.167052 1
0.129694 1
0.086943 1
0.149805 1
0.087375 1
0.098953 1
0.053415 1
0.160612 1
0.066169 1
0.127210 11
0.004207 241
0.032180 43
0.002320 43
0.000099 71
0.003167 239
0.000161 8
0.000010 62
1.095774 19
0.235925 4
0.133027 4
0.118591 4
0.133026 4
0.578477 1
0.062416 1
0.104691 1
0.432163 1
0.142745 1
0.106115 1
2.604388 14
0.867131 4
0.428538 1
0.070600 1
0.386587 1
0.049447 1
0.148272 11
0.005356 241
0.037861 92
0.002454 43
0.000110 71
0.003530 239
0.000481 8
0.000017 62
1.182377 38
0.283900 38
0.194078 5
0.086862 5
0.082013 9
0.084170 5
0.043783 5
0.216708 11
0.005326 241
0.306709 235
0.140942 194
0.099947 198
0.100604 198
0.099486 198
0.101100 198
0.099464 198
0.099469 198
0.100619 198
0.099322 198
0.100134 198
0.100186 198
0.100124 198
0.100475 198
0.099284 198
0.100425 198
0.099153 198
0.100582 198
0.100441 371
0.046512 380
0.005284 45
0.002052 43
0.000126 62
0.003658 239
0.000208 8
0.000011 62
22.038206 1
0.087936 1
0.065950 1
0.099591 1
0.037278 1
0.692885 1
0.071320 1
0.132119 1
0.060915 1
0.195594 1
0.076791 1
0.093486 1
0.115169 1
0.460766 1
0.143772 1
0.350779 1
0.571113 1
0.984376 1
0.083908 1
0.097560 1
0.114837 1
0.011434 1
0.097948 1
0.086121 1
4.033106 1
0.097563 1
0.110240 1
0.085677 11
0.005554 241
0.301039 235
0.084620 45
0.001718 43
0.000116 62
0.003413 239
0.000186 8
0.000011 62
2.732397 1
0.153146 1
0.419860 1
0.229361 1
0.101527 1
0.188787 1
0.086107 11
0.005121 241
0.002946 11
0.000166 43
0.000079 62
0.003049 239
0.000207 8
0.000017 62
29.560459 1
0.145142 1
0.161862 1
0.082003 1
0.126115 1
0.398639 1
0.174023 1
0.211277 1
0.064252 1
0.177915 1
0.195755 1
0.147314 1
0.358744 1
0.157630 1
0.109798 1
1.259093 1
0.061076 1
0.107039 1
0.192146 1
0.220861 1
0.135085 1
0.098709 1
0.162783 1
0.791626 1
0.225722 1
0.418165 1
0.147814 1
0.200379 1
0.126090 1
0.080136 1
0.130389 1
0.174746 1
0.070952 1
0.167218 1
0.123943 1
0.750512 1
0.193676 1
0.212852 1
0.066170 1
0.152723 1
0.642428 1
0.091622 1
0.233336 1
0.106883 1
0.194678 1
0.238373 4
0.100105 4
0.161649 1
0.105747 1
0.331882 1
0.060587 1
0.161411 1
0.101762 1
0.060513 1
0.124155 1
0.133686 1
0.021747 1
0.152194 1
0.974062 2
0.000017 9
0.004793 241
0.372771 235
0.014233 129
0.001162 45
0.001657 43
0.000086 71
0.003734 239
0.000436 8
0.000015 62
5.935666 1
0.077186 1
0.103229 1
0.074233 1
0.074927 1
0.665329 1
0.122594 1
0.145411 1
0.085787 1
0.303030 1
0.080106 1
0.179867 1
0.233922 1
0.117367 1
2.288449 1
0.677066 1
0.350486 1
0.122027 1
0.122548 1
0.119540 1
0.369923 1
0.079745 1
0.111575 1
0.165192 1
0.080953 1
0.132692 1
0.097225 1
0.114396 1
0.089175 1
0.082319 2
0.000021 9
0.005350 241
0.370215 235
0.005327 45
0.000523 45
0.002164 43
0.000105 71
0.005253 239
0.000265 8
0.000024 62
4.831744 29
0.187747 84
1.673763 1
0.208604 1
0.159174 1
0.144687 1
0.071016 1
0.141498 1
0.805433 5
0.090831 5
0.101832 5
0.182891 9
0.092594 5
0.094606 5
0.104732 5
0.021410 5
0.091208 5
0.090885 5
0.235885 2
0.000017 9
0.005448 241
0.031871 235
0.083560 45
0.001557 43
0.000090 62
0.003450 239
0.000207 8
0.000010 62
0.737362 64
0.122766 207
1.331202 11
0.004371 241
0.028091 235
0.005173 45
0.001459 43
0.000106 62
0.004411 239
0.000364 8
0.000015 62
1.829568 1
0.070623 1
0.086420 1
0.066102 1
0.058628 1
0.772791 1
0.069858 1
0.124465 1
0.060550 1
0.189686 1
0.087930 1
0.254360 1
0.102915 1
0.134774 1
0.133748 1
0.343248 1
0.354077 1
0.572314 1
0.085482 1
0.465444 4
0.098983 4
0.380736 1
0.046244 1
0.154097 1
0.859323 1
0.161986 1
0.082496 1
0.091484 1
0.247523 1
0.111452 1
0.155455 1
0.104504 2
0.000014 9
0.004013 241
0.027376 235
0.064980 45
0.001576 43
0.000073 62
0.003461 239
0.000238 8
0.000012 62
1.809952 1
0.164228 1
0.247117 1
0.848829 1
0.076359 1
0.210333 1
0.104912 2
0.000015 9
0.005849 241
0.002616 11
0.000322 43
0.000108 62
0.003788 239
0.000241 8
0.000015 62
0.808073 11
0.000117 43
0.000072 62
0.003488 239
0.000178 8
0.000010 62
0.105001 2
0.000019 9
0.000126 43
0.000074 62
0.003242 239
0.000165 8
0.000014 62
0.148910 11
0.000150 43
0.000083 62
0.003208 239
0.000171 8
0.000012 62
2.753395 1
0.049520 1
0.080794 1
0.078251 1
0.052307 1
0.086239 2
0.000023 9
0.005194 241
0.004132 11
0.000227 43
0.000100 62
0.003614 239
0.000195 8
0.000009 62
6.429771 1
0.270708 1
0.086589 1
0.215802 1
1.172541 1
0.149552 1
0.087624 1
0.110166 1
0.120519 1
0.099461 1
0.157808 1
0.094822 1
0.149569 1
0.094069 1
0.070357 1
0.160046 1
0.271561 1
0.100826 1
0.113705 1
0.148438 1
0.138660 1
0.085878 1
0.238254 1
0.076742 1
0.129206 1
0.066820 1
0.161846 11
0.005016 241
0.015460 80
0.000631 74
0.008536 69
0.000018 14
0.000519 4095
0.000013 739
1.178519 22
0.000018 94
0.105986 31
0.149498 29
0.105326 29
0.299007 29
0.117802 29
0.092394 29
0.215342 29
0.190211 29
0.232944 66
0.155676 44
0.144516 28
0.452797 28
0.643710 29
0.333299 29
0.084572 29
0.302996 29
0.182017 29
0.078864 29
0.139534 31
0.152927 30
0.154389 30
0.343900 68
0.729899 46
0.471885 29
0.089766 29
0.066137 29
0.149375 29
0.108328 31
0.245109 66
0.135342 29
0.134573 30
0.117250 30
0.069731 30
0.141394 30
0.172690 30
0.127466 30
0.134279 30
0.144178 31
0.144772 30
0.589387 72
0.828653 47
0.083689 30
0.108331 30
4.151682 30
0.152077 30
0.834970 30
0.225300 30
0.112557 31
0.192178 30
0.384564 30
0.145941 46
0.461226 29
0.059105 29
0.053418 29
0.159112 29
0.627653 31
0.158235 30
0.073922 30
0.391621 30
0.194806 30
0.193334 30
0.184163 30
0.070111 30
0.093294 30
0.078400 30
0.135961 76
0.797749 29
0.081604 30
0.113838 30
0.259029 30
0.190378 30
0.144080 30
0.100581 30
0.176838 46
1.069684 29
0.142774 29
0.089966 29
0.127471 29
0.110103 31
0.303690 38
0.104842 37
0.045113 29
0.100959 31
0.467308 30
0.135202 30
0.826658 30
0.276865 30
0.041373 30
0.276091 71
0.350278 48
1.124887 29
0.308349 29
0.210380 61
0.184706 50
0.780452 31
0.051687 30
0.053148 30
0.156442 30
0.238917 39
0.060940 30
0.105078 30
0.251827 30
0.070544 30
0.092519 30
0.021672 30
0.202682 71
0.195917 30
0.127709 30
0.185998 30
0.084005 30
0.288356 30
0.238232 30
0.124544 30
0.454189 30
0.187678 30
0.383705 30
0.075803 31
0.113753 30
0.164728 30
0.200204 30
0.368461 30
0.369725 30
0.341966 50
0.301433 28
0.334809 28
0.930762 29
0.087822 29
0.112063 29
0.195499 29
0.252417 31
0.088334 30
0.138730 30
0.074472 30
0.183697 69
0.099705 29
0.316174 30
0.121727 30
0.073664 30
0.131354 30
0.241130 39
0.035235 30
0.195803 46
1.216128 29
0.051107 29
1.154243 29
0.092573 29
0.193115 31
0.179188 30
0.086854 30
0.249145 30
0.098865 30
0.534551 30
0.064049 30
0.178432 72
0.245449 49
0.116553 29
0.628755 29
0.605981 30
0.075480 30
0.144729 32
0.150925 31
0.306154 41
0.112505 31
0.178520 31
0.112459 31
0.097152 31
0.166166 31
0.159870 31
0.253730 31
0.800898 31
0.492202 31
0.199716 32
0.323536 31
0.098081 31
0.154829 31
0.206600 31
0.211284 81
0.517908 30
0.127661 31
0.226735 31
0.443486 61
0.658168 38
0.156759 31
0.229045 31
0.220932 31
0.281574 50
1.799517 30
0.129216 30
0.261439 32
0.481514 31
0.327555 31
0.085352 31
0.095630 31
0.167356 31
0.161087 31
0.096759 31
0.126363 31
0.341927 31
0.251349 32
0.278347 31
0.106026 31
0.102342 31
0.106557 31
0.542197 81
0.805522 30
0.137188 31
0.386453 45
0.501800 31
0.160912 32
0.092579 31
0.206426 31
0.100735 31
0.149605 31
0.448148 31
0.145185 31
0.209919 31
0.140711 31
0.136632 31
0.185345 32
0.212578 31
0.173476 31
0.104099 79
0.267048 79
0.941117 30
0.301502 30
0.132833 32
0.169072 31
0.127435 31
0.175634 31
0.143938 31
0.165732 31
0.137201 31
0.115554 31
0.279524 31
0.175056 31
0.158722 32
0.282702 31
0.079654 31
0.134400 31
0.078057 31
0.275439 81
0.089239 30
0.319902 31
0.525146 41
1.837174 31
0.034710 45
1.055081 31
0.141449 32
0.110617 31
0.204339 31
0.119583 31
0.184800 31
0.604284 41
0.197557 31
0.314507 31
0.035691 31
0.155952 31
0.075879 31
0.149468 79
0.463012 79
0.557145 30
0.387332 39
0.079279 30
0.148717 30
0.124917 32
0.164239 31
0.227222 31
0.146415 31
0.117368 31
0.178789 31
0.149503 31
0.108469 31
0.623604 31
0.333377 31
0.280521 32
0.912565 31
0.075171 31
0.192155 31
0.174184 31
0.185781 31
0.011849 31
0.066219 31
0.334944 31
0.236844 41
0.122683 41
0.136489 41
0.479919 31
0.081147 31
0.228003 31
0.200848 85
0.716795 31
0.729911 41
0.082184 39
0.281642 41
0.115327 44
0.068364 31
0.075825 45
0.460486 31
0.131285 31
0.762922 31
0.223091 31
0.119145 31
0.182862 31
0.790491 31
0.080212 32
0.230134 31
0.180054 31
0.252306 31
0.279363 31
0.087540 31
0.147822 31
0.259664 79
0.345164 79
0.175287 29
1.125924 30
0.044470 30
0.616850 30
0.125115 30
0.325908 32
0.062982 31
0.191798 31
0.253186 69
1.214932 50
0.734213 38
0.068498 29
1.304386 32
0.089347 31
0.197259 31
0.160402 31
0.128764 31
0.143461 31
0.077516 31
0.299405 71
0.254898 46
0.407689 31
0.124970 32
0.229908 31
0.075816 31
0.632074 31
0.160060 31
0.180561 31
0.101617 31
0.279784 31
0.103180 31
0.112420 31
0.039250 32
0.428354 50
0.213056 29
0.579799 30
0.157161 30
0.430972 30
0.328676 30
0.189540 39
0.121306 39
0.177406 30
0.224668 30
0.104457 32
0.084503 31
0.487935 31
0.397871 31
0.201453 70
1.625391 50
0.201127 38
0.709781 29
0.427375 32
0.076582 31
0.285564 31
0.285284 41
0.540071 31
0.339825 31
0.087555 31
0.212207 31
0.135871 50
0.424982 29
0.773615 30
0.091146 30
0.144599 30
0.172555 30
0.150473 32
0.111372 31
0.193069 31
0.419086 69
0.102039 30
0.201924 31
0.100743 31
0.127269 31
0.119904 31
0.169877 31
0.151348 32
0.837542 31
0.115100 31
0.185010 31
0.201379 31
0.132714 31
0.091029 31
0.131511 31
0.163395 31
0.267209 48
0.199588 29
1.004551 48
0.396495 29
0.096510 29
1.820180 30
0.067365 30
0.131351 30
0.115874 30
0.363525 30
0.123552 30
0.201601 30
0.255052 64
0.835249 45
0.275282 30
0.115761 30
0.287619 30
0.213280 30
0.138444 30
0.124911 30
0.071617 32
0.304050 67
1.496015 30
0.105924 45
0.920376 39
0.212476 39
0.215318 39
0.211474 39
0.102404 39
0.081641 39
0.168373 40
0.060825 39
0.093516 39
0.159378 39
0.251454 45
1.082176 30
0.110696 39
0.474651 41
0.345677 31
0.121996 31
0.092860 31
0.125832 31
0.169805 48
0.182896 79
0.791814 75
0.458073 29
1.389771 45
0.241895 29
0.346249 30
0.071717 30
0.182963 30
0.183323 30
0.089507 30
0.101167 30
0.232327 30
0.598765 30
0.207728 67
0.383979 46
0.991438 30
0.191145 30
0.261199 30
0.199384 30
0.085593 30
0.438742 30
0.277987 67
0.247835 30
0.136852 45
0.419877 39
0.183767 39
0.179783 39
0.193565 39
0.135079 39
0.086366 39
0.142540 39
0.071373 40
0.089422 39
0.171884 39
0.600570 45
0.260737 30
0.583635 31
0.142726 31
0.012235 31
0.355193 41
0.098569 41
0.103200 31
0.092798 31
0.135523 31
0.176977 47
0.533815 80
0.738294 43
0.100445 19
0.000780 38
0.153013 50
0.181488 1
0.105715 1
0.267657 1
0.148483 21
0.000099 24
0.007923 42
0.000503 70
0.002840 43
0.000100 62
0.002974 239
0.000359 70
6.758228 1
0.077615 1
0.083359 1
0.073950 1
0.060261 1
0.128878 1
0.080633 1
0.096421 1
0.064259 1
0.096522 1
0.075422 1
0.064864 1
0.437827 1
0.072851 1
0.081073 1
0.078711 1
0.124289 1
0.222736 1
0.249916 4
0.342319 1
0.182574 4
0.123889 4
0.157587 1
0.105766 1
0.163218 1
0.124514 1
2.519056 1
0.080675 1
0.098463 1
1.287595 1
0.049894 1
0.064989 1
0.162159 1
0.142653 1
0.112723 1
0.168362 1
0.129218 1
0.404757 1
0.183462 1
0.163302 1
0.215404 1
0.075779 1
0.134007 1
0.058130 1
0.240823 1
0.125933 1
0.155796 1
0.232714 1
0.744344 1
0.059110 1
0.083638 1
0.108996 1
0.129395 1
0.299476 1
0.324599 1
0.130031 1
0.200327 1
0.242781 1
0.229417 4
0.116663 4
0.130803 4
0.078516 1
0.178530 1
0.137648 1
0.299249 14
1.599517 1
0.083634 1
0.098167 1
0.133510 1
0.063317 1
0.407697 11
0.004897 241
0.309909 235
0.149474 192
0.099414 196
0.100947 196
0.099184 196
0.100160 196
0.100215 196
0.099119 196
0.100175 196
0.100198 196
0.100189 196
0.100558 196
0.099485 196
0.100102 196
0.100219 196
0.099169 196
0.100196 196
0.100378 196
0.099386 196
0.100944 196
0.099066 196
0.100040 196
0.100645 196
0.100651 196
0.098727 196
0.100693 196
0.101111 196
0.098470 196
0.100368 196
0.099764 196
0.099513 196
0.100428 196
0.100438 196
0.099486 196
0.099818 196
0.100237 196
0.100182 196
0.100157 196
0.099183 196
0.100268 196
0.100539 196
0.100146 196
0.099313 196
0.100495 196
0.099405 196
0.100521 196
0.100246 196
0.099769 196
0.099380 196
0.100402 196
0.100580 196
0.099516 196
0.100079 196
0.100182 196
0.099147 196
0.100174 196
0.100210 196
0.100071 196
0.100306 196
0.099284 196
0.100334 246
0.100193 27
0.000017 219
0.100263 246
0.100190 246
0.099229 246
0.100927 248
0.099172 248
0.100326 250
0.099467 27
0.000159 223
0.100666 27
0.000013 223
0.099113 250
0.100446 250
0.099993 250
0.099656 251
0.100766 251
0.099449 251
0.099896 251
0.100191 251
0.100763 251
0.099418 251
0.099900 251
0.100264 251
0.100115 251
0.099249 251
0.100416 251
0.100214 28
0.000013 223
0.099335 251
0.100790 251
0.099495 251
0.099484 251
0.100584 251
0.100315 251
0.099099 28
0.000019 223
0.100461 251
0.099845 251
0.100445 28
0.000014 223
0.099817 251
0.099636 28
0.000013 223
0.100728 251
0.099330 251
0.100660 28
0.000016 223
0.099367 28
0.000021 223
0.100007 251
0.100191 251
0.100295 28
0.000038 223
0.099723 251
0.100038 251
0.099794 251
0.099545 251
0.100385 251
0.100263 28
0.000016 223
0.099696 251
0.100381 251
0.100009 251
0.099926 251
0.099879 251
0.100038 251
0.099831 251
0.100243 251
0.099800 28
0.000022 223
0.099625 251
0.100810 28
0.000017 223
0.099527 251
0.100385 28
0.000016 223
0.099765 28
0.000017 223
0.099664 251
0.099671 251
0.100004 28
0.000016 223
0.100586 251
0.099790 251
0.099873 251
0.100411 251
0.099690 28
0.000016 223
0.100303 251
0.099694 251
0.100403 251
0.099977 28
0.000015 223
0.099812 251
0.099759 251
0.100051 251
0.100524 251
0.099695 251
0.099678 251
0.100510 251
0.099728 251
0.100055 251
0.099737 251
0.100425 251
0.100034 251
0.099480 251
0.100085 251
0.100729 251
0.099330 251
0.100458 251
0.100020 251
0.099960 251
0.099449 251
0.100083 251
0.099804 251
0.100322 251
0.099811 28
0.000015 223
0.099921 251
0.100255 251
0.100396 251
0.099535 28
0.000018 223
0.099838 251
0.100146 251
0.100500 251
0.099573 251
0.099491 28
0.000021 223
0.100023 28
0.000017 223
0.100595 28
0.000017 223
0.100310 251
0.099821 251
0.099678 251
0.099897 251
0.099909 28
0.000018 223
0.100008 251
0.099672 251
0.100394 251
0.100348 251
0.099543 251
0.100128 28
0.000019 223
0.099584 28
0.000017 223
0.100642 251
0.099361 28
0.000022 223
0.100281 28
0.000018 223
0.100279 251
0.100084 251
0.100060 28
0.000018 223
0.099796 251
0.099836 251
0.100454 251
0.099362 251
0.100012 251
0.099904 251
0.100503 251
0.099675 251
0.099798 28
0.000018 223
0.100047 251
0.100486 251
0.099656 251
0.100174 251
0.099775 251
0.099870 251
0.100602 251
0.099422 251
0.099879 251
0.100487 28
0.000016 223
0.100115 251
0.100290 251
0.099253 251
0.099790 28
0.000022 223
0.100743 28
0.000276 223
0.099455 251
0.099987 251
0.100609 251
0.098988 251
0.100409 28
0.000017 223
0.099603 251
0.100318 28
0.000029 223
0.100483 251
0.099638 251
0.099641 245
0.000019 6
0.100644 251
0.099249 251
0.100596 28
0.000017 223
0.099527 28
0.000019 223
0.100025 28
0.000035 223
0.100370 28
0.000018 223
0.099809 251
0.099434 28
0.000018 223
0.100015 251
0.100724 251
0.099388 251
0.100505 251
0.099713 251
0.100129 251
0.100121 28
0.000019 223
0.099371 251
0.100541 251
0.099780 251
0.099963 251
0.100721 251
0.099806 251
0.099301 251
0.100353 251
0.100419 251
0.099293 251
0.100426 251
0.100375 251
0.099419 251
0.100227 251
0.100073 28
0.003570 223
0.096644 251
0.099948 28
0.000023 223
0.099336 251
0.100316 251
0.100053 251
0.100128 28
0.000017 223
0.099980 28
0.000018 223
0.099488 28
0.000018 223
0.099928 251
0.100036 251
0.100486 251
0.100087 251
0.099541 28
0.000017 223
0.100265 251
0.099403 251
0.100000 251
0.100765 251
0.100113 251
0.099216 251
0.100675 251
0.100176 251
0.099629 28
0.000023 223
0.099331 28
0.000018 223
0.100054 251
0.100333 251
0.099626 251
0.100090 251
0.100348 251
0.099999 251
0.099723 251
0.100549 251
0.099629 251
0.100109 251
0.100113 251
0.099517 251
0.100003 28
0.000026 223
0.100675 251
0.099921 251
0.099759 251
0.099973 251
0.099735 251
0.099792 251
0.100249 251
0.100214 28
0.000018 223
0.099912 251
0.099774 251
0.100197 251
0.100399 251
0.100093 251
0.099605 251
0.099775 28
0.000028 223
0.100608 251
0.099521 251
0.100166 28
0.000021 223
0.099727 251
0.100291 251
0.100366 251
0.099720 251
0.099583 251
0.100431 251
0.099725 251
0.100325 251
0.099595 251
0.099775 251
0.100652 28
0.000017 223
0.099425 251
0.099794 245
0.000038 6
0.100361 251
0.099772 28
0.000018 223
0.100406 251
0.099557 251
0.100786 251
0.099279 251
0.099949 251
0.100120 251
0.100419 251
0.099672 251
0.099830 251
0.100559 251
0.099821 251
0.099985 251
0.099418 251
0.100483 251
0.099654 251
0.100036 28
0.000028 223
0.100237 28
0.000017 223
0.099844 251
0.100041 251
0.099921 251
0.099863 251
0.099798 28
0.000039 223
0.100834 251
0.099747 251
0.100390 28
0.000017 223
0.099283 28
0.000015 223
0.100487 28
0.000018 223
0.099684 251
0.099556 251
0.100668 251
0.100142 251
0.099599 251
0.099952 251
0.100282 251
0.099421 251
0.100664 251
0.099543 251
0.100668 251
0.099657 251
0.099654 251
0.100703 251
0.099299 251
0.099893 251
0.100076 251
0.100480 251
0.100120 251
0.099809 251
0.099662 251
0.100450 251
0.099970 251
0.099815 251
0.099465 251
0.099992 251
0.100504 251
0.100458 28
0.000016 223
0.099580 251
0.099830 251
0.100168 251
0.100353 251
0.099389 251
0.100740 251
0.099415 251
0.100000 251
0.100504 251
0.099332 28
0.000035 223
0.100652 251
0.099666 251
0.099729 251
0.100101 251
0.099796 251
0.100026 28
0.000026 223
0.099954 251
0.100090 251
0.100272 251
0.099641 251
0.100250 251
0.099971 251
0.099722 28
0.000021 223
0.099875 28
0.000022 223
0.100625 28
0.000018 223
0.099523 28
0.000036 223
0.100570 251
0.099640 251
0.100094 28
0.000023 223
0.099489 251
0.100049 251
0.100740 28
0.000020 223
0.099363 251
0.100452 28
0.000023 223
0.099283 251
0.100433 28
0.000018 223
0.100178 251
0.100144 251
0.100058 28
0.000029 223
0.099522 28
0.000019 223
0.100123 251
0.099527 251
0.100015 28
0.000038 223
0.099798 251
0.100069 251
0.100123 251
0.100731 251
0.099827 251
0.099760 251
0.099701 28
0.000165 223
0.099943 28
0.000017 223
0.099917 251
0.100381 251
0.100632 251
0.099604 28
0.000032 223
0.099535 251
0.099516 251
0.100765 251
0.099583 251
0.100015 251
0.099672 28
0.000020 223
0.100408 251
0.100151 28
0.000018 223
0.099378 251
0.100378 251
0.099829 251
0.100701 251
0.099763 251
0.099657 251
0.100711 251
0.099944 28
0.000021 223
0.099455 251
0.099880 251
0.100599 251
0.099927 251
0.100030 251
0.099332 251
0.099743 251
0.100441 251
0.100421 28
0.000016 223
0.099142 251
0.100199 251
0.099865 251
0.100899 251
0.099338 251
0.100099 251
0.100140 251
0.099747 28
0.000019 223
0.100659 28
0.000019 223
0.099383 28
0.000017 223
0.100265 251
0.099311 251
0.100398 251
0.099953 251
0.100568 251
0.099609 251
0.100307 251
0.100071 251
0.100111 251
0.099216 251
0.099780 251
0.100238 251
0.100080 251
0.100111 251
0.099809 251
0.100033 251
0.100718 251
0.099385 251
0.099594 251
0.100653 251
0.099705 251
0.100112 251
0.100513 251
0.099025 251
0.100253 251
0.100014 251
0.100056 251
0.099688 251
0.100863 251
0.099917 251
0.099263 251
0.100174 251
0.100293 251
0.099461 251
0.100989 28
0.000019 223
0.099315 28
0.000029 223
0.100264 251
0.100040 28
0.000018 223
0.099945 251
0.099850 251
0.100313 28
0.000024 223
0.099888 28
0.000017 223
0.099453 251
0.100416 251
0.099899 28
0.000017 223
0.099537 251
0.100438 251
0.099605 251
0.100714 251
0.100302 251
0.099490 251
0.100554 251
0.099870 251
0.099889 251
0.100062 28
0.000016 223
0.100009 251
0.100005 251
0.099418 28
0.000017 223
0.099724 251
0.100763 251
0.099479 251
0.100111 251
0.100055 28
0.000018 223
0.099374 251
0.100967 251
0.100011 251
0.099514 251
0.100576 251
0.099138 251
0.100628 251
0.099393 28
0.000019 223
0.100385 251
0.099769 251
0.099799 251
0.100851 251
0.099334 28
0.000025 223
0.100100 251
0.100015 251
0.100512 251
0.099681 251
0.099621 251
0.100287 251
0.099710 251
0.100503 251
0.100071 251
0.100158 251
0.099533 251
0.100154 251
0.100159 251
0.099138 251
0.101009 251
0.099006 251
0.100278 251
0.100337 251
0.099513 251
0.100373 251
0.100250 251
0.100148 251
0.099326 251
0.099712 251
0.100769 251
0.100170 28
0.000016 223
0.099395 251
0.100609 251
0.099783 251
0.099601 251
0.100301 251
0.099783 251
0.100395 251
0.099513 251
0.100213 251
0.100316 251
0.099482 251
0.100568 251
0.099745 28
0.000022 223
0.099964 251
0.099897 251
0.099944 251
0.100241 251
0.099947 251
0.099709 251
0.100220 251
0.100016 251
0.099877 251
0.100475 251
0.099705 251
0.099697 251
0.100665 251
0.099662 251
0.099849 251
0.100445 251
0.099691 251
0.099702 251
0.100454 251
0.099994 251
0.099379 251
0.100761 251
0.099040 251
0.100668 371
0.099680 717
0.100245 717
0.100106 717
0.099394 717
0.100508 717
0.100424 717
0.099330 717
0.100359 717
0.100299 717
0.099271 717
0.100364 717
0.099479 717
0.100218 717
0.100169 717
0.100513 717
0.099486 717
0.100341 717
0.099193 717
0.100419 717
0.100129 717
0.100476 717
0.099281 717
0.100433 717
0.099350 717
0.100268 717
0.100221 717
0.100374 717
0.099349 717
0.100655 717
0.099026 717
0.100208 717
0.100255 717
0.100223 717
0.100382 717
0.099255 717
0.100367 717
0.100402 717
0.099180 717
0.100420 717
0.099347 717
0.100459 717
0.100365 717
0.099304 717
0.100672 717
0.099137 717
0.100420 717
0.100402 717
0.099172 717
0.100453 717
0.100282 717
0.100137 717
0.099441 717
0.100130 717
0.100150 717
0.100209 717
0.099134 717
0.100228 717
0.100493 717
0.099384 717
0.100492 717
0.100497 717
0.099542 717
0.100185 717
0.100276 717
0.099254 717
0.100129 717
0.100190 717
0.100225 717
0.099158 717
0.100278 717
0.100513 717
0.099236 717
0.100446 717
0.100283 717
0.099303 717
0.100447 717
0.100174 717
0.100169 28
0.000030 689
0.099119 717
0.100216 717
0.100172 717
0.100220 717
0.100365 717
0.099320 717
0.100403 717
0.099398 717
0.100380 717
0.100408 717
0.099091 717
0.100120 201
0.000017 516
0.100186 717
0.100533 717
0.099315 717
0.100838 717
0.099209 717
0.100120 717
0.100499 28
0.000020 689
0.099129 717
0.100482 717
0.263773 717
0.000051 717
0.036406 717
0.100290 717
0.099444 717
0.100355 717
0.099293 717
0.100402 717
0.100194 717
0.100197 28
0.000024 689
0.099122 717
0.100208 717
0.100183 717
0.100262 717
0.100197 717
0.099398 717
0.100490 717
0.099394 717
0.100496 717
0.100166 717
0.099216 717
0.100475 717
0.100709 717
0.099518 717
0.100247 717
0.099358 717
0.100353 717
0.100557 717
0.099169 717
0.100556 717
0.099337 717
0.100399 717
0.099319 717
0.100474 717
0.100274 717
0.099345 717
0.100441 717
0.100426 717
0.099439 717
0.100396 717
0.099180 717
0.100401 717
0.100444 717
0.100077 717
0.099320 717
0.100235 717
0.100223 717
0.100142 717
0.099217 717
0.100407 717
0.100206 717
0.248823 717
0.000062 717
0.051039 717
0.100420 717
0.099180 717
0.100199 717
0.100181 717
0.100200 717
0.099112 28
0.000019 689
0.100185 374
0.000015 343
0.100235 717
0.100205 717
0.100417 717
0.099219 717
0.100206 717
0.100414 717
0.100123 717
0.099308 717
0.100443 717
0.099360 717
0.100682 717
0.100134 717
0.099191 717
0.100282 717
0.100270 717
0.100207 717
0.099152 717
0.100213 717
0.100486 717
0.099363 717
0.100355 717
0.100361 717
0.099332 717
0.100444 717
0.099446 717
0.100387 717
0.100442 717
0.099313 717
0.100417 717
0.100281 717
0.099371 717
0.100434 717
0.099330 717
0.100699 717
0.100264 717
0.099170 717
0.100563 717
0.099406 717
0.100428 717
0.099537 717
0.100201 717
0.131343 374
0.000023 343
0.069186 547
0.000035 170
0.099059 717
0.100196 717
0.100304 28
0.000016 689
0.100199 717
0.100245 717
0.099120 717
0.100284 717
0.100544 717
0.099224 717
0.100380 717
0.100317 717
0.100215 717
0.099266 717
0.100086 717
0.100460 201
0.000018 689
0.099452 28
0.000026 519
0.000036 343
0.100055 890
0.100031 890
0.100143 547
0.000016 343
0.100239 890
0.099153 890
0.100288 890
0.099764 890
0.100382 890
0.100170 711
0.000018 179
0.100195 890
0.099381 890
0.100206 890
0.100520 547
0.000023 343
0.099526 890
0.100145 890
0.100174 890
0.099702 890
0.100238 890
0.100156 890
0.099374 890
0.100432 890
0.100449 890
0.099649 890
0.099423 890
0.100404 890
0.100266 890
0.099984 890
0.099355 890
0.100387 890
0.100436 890
0.099292 28
0.000028 862
0.100145 890
0.100371 28
0.000103 862
0.099314 890
0.100260 890
0.099523 890
0.100626 890
0.100160 890
0.099166 890
0.100451 890
0.100319 890
0.099896 890
0.099803 890
0.099681 890
0.100467 890
0.099403 890
0.100507 890
0.100171 890
0.100149 28
0.000023 862
0.099195 890
0.100761 890
0.099506 890
0.100401 890
0.099305 890
0.100466 890
0.099721 890
0.100665 28
0.000013 862
0.099189 28
0.000039 862
0.025011 899
0.004388 45
0.002525 43
0.000090 62
0.003579 239
0.000329 8
0.000036 62
11.607376 1
0.086883 1
0.107938 1
0.086304 1
0.987088 1
0.086539 1
0.093861 1
0.170162 1
0.114627 1
0.097631 1
0.172127 1
0.087682 1
0.638742 1
0.114015 1
0.192206 1
0.044276 1
0.226801 1
0.431201 1
0.245946 1
0.106529 1
0.092343 1
0.083490 1
2.863279 11
0.004691 241
0.015316 80
0.001018 70
0.005582 65
0.000015 18
0.000519 4095
0.000016 739
0.185031 22
0.000019 94
0.520606 31
0.139129 29
0.109751 29
0.864819 29
0.076591 29
0.196889 29
0.236658 37
0.110226 37
0.241559 37
0.173918 29
0.088557 29
0.217352 29
0.149546 29
0.154950 29
0.219565 66
0.203207 44
1.106845 29
0.364475 29
0.252882 29
0.064301 29
0.172763 29
0.296516 63
0.534662 45
0.355339 29
0.098846 29
0.101093 29
0.141448 29
0.137291 31
0.790171 66
0.121361 29
0.178002 30
0.284082 30
0.153108 30
0.079895 30
0.151563 30
0.296060 66
0.196458 42
0.096281 31
0.438345 30
1.461007 30
0.172424 30
0.074381 30
0.260155 46
0.300065 29
0.054867 29
0.065393 29
0.143493 29
0.113232 31
0.121498 30
0.070515 30
0.149176 30
0.097754 30
0.187660 30
0.157003 30
0.089118 30
0.085870 30
0.108144 30
0.214934 76
0.161972 29
0.232825 30
0.173395 30
0.252664 30
0.190890 30
0.186992 30
0.134506 30
0.062994 30
0.149190 30
0.261127 46
1.295534 29
0.112688 29
0.267905 29
0.185417 29
0.192327 31
0.252083 66
0.224440 29
0.105137 44
0.524463 38
0.761009 38
0.070424 38
1.126907 38
0.050024 38
0.213656 38
0.276849 39
0.039502 38
1.322561 38
0.179548 30
0.446921 39
0.193909 44
0.440230 39
0.842087 76
0.229835 73
2.202407 29
0.092642 29
0.141615 29
0.106794 29
0.305991 31
0.097694 30
0.173437 30
0.173929 68
0.166127 48
0.243532 37
0.123992 28
1.289609 31
0.107397 30
0.180545 30
0.145154 30
0.119381 30
0.128899 30
0.080133 30
0.245472 69
0.321109 44
0.117109 30
0.092008 31
0.156059 30
0.119564 30
0.252374 30
0.160276 30
0.189658 30
0.185374 30
0.596474 30
0.124464 30
0.093996 30
0.093177 31
0.247973 83
0.163419 58
0.142847 30
0.402478 48
0.621866 37
0.793956 28
0.905543 31
0.107634 30
0.435980 30
0.306674 30
0.172085 30
0.055680 30
0.331601 30
0.470282 30
0.202914 30
0.151046 30
0.192014 31
0.121721 30
0.163556 30
0.114209 30
0.096452 30
0.280993 30
0.251132 30
0.039247 30
0.051011 30
0.147573 30
0.520114 31
0.790586 40
0.100934 39
0.629614 39
0.042975 39
0.040085 39
0.039665 39
0.040275 39
0.039777 39
0.039881 39
0.040183 39
0.066633 40
0.013123 39
0.039909 39
0.040194 39
0.039908 39
0.040042 39
0.040427 39
0.365796 39
0.101073 30
0.114853 30
0.082702 30
0.327392 30
0.423738 30
0.505473 30
0.142714 30
0.164784 31
0.116192 30
0.173569 30
0.120990 30
0.100379 30
0.090223 30
0.215364 30
0.046020 30
0.043626 30
0.104646 30
1.106274 83
0.399528 57
0.183780 30
0.166203 30
0.248273 30
0.070928 30
0.241680 30
0.419203 30
0.194291 30
0.073204 30
0.173741 31
0.737545 30
0.556284 30
0.095515 30
0.586111 30
0.437561 30
0.144584 30
0.110932 30
0.222129 30
0.379864 30
0.168955 31
0.162677 30
0.104179 30
0.198123 30
0.132579 30
0.088867 30
0.464840 30
0.435621 30
0.753214 39
0.056698 30
0.112268 30
0.046926 30
0.143426 31
0.261878 30
0.562588 39
0.247252 113
0.194640 88
0.099771 30
0.210917 48
0.728505 37
0.764817 28
0.742844 31
0.107340 30
0.296540 30
0.122311 30
0.275938 30
0.232608 30
0.538874 68
0.825886 43
0.172123 30
0.113175 30
0.356982 31
0.115082 30
0.419162 30
0.117250 30
0.096967 30
0.202890 30
0.370918 30
0.121880 30
0.097323 30
0.072634 30
0.191134 31
0.887548 50
0.466475 29
1.214465 30
0.151770 30
0.126753 30
0.157287 30
0.106324 32
0.391436 31
0.254816 31
0.362764 31
0.246979 31
0.066685 31
0.273288 72
0.198762 30
0.648808 45
0.159010 39
1.711084 40
0.149280 39
0.128548 39
0.167787 39
0.147526 39
0.167765 39
0.129766 39
0.162208 39
0.512371 39
0.235357 39
0.474047 80
0.199227 77
2.261328 30
0.064571 30
0.412138 30
0.355841 39
0.063720 30
0.345057 30
0.077349 32
0.088389 31
0.371795 31
0.093353 31
0.383900 70
0.082164 30
0.476823 45
0.159244 39
1.210638 39
0.080911 39
0.173568 40
0.188101 39
0.062985 39
0.155768 39
0.257681 39
0.491208 78
0.246142 76
1.066433 30
0.103043 30
0.150956 30
0.162913 30
0.158916 32
0.107797 31
0.195827 31
0.268980 69
0.081808 30
0.212035 31
0.119691 31
0.130229 31
0.119202 31
0.194178 31
0.174931 32
0.166314 31
0.307460 31
0.172813 31
0.097158 31
0.135713 31
0.184128 31
0.114850 48
0.237379 29
0.536610 47
0.216555 29
0.245955 29
1.446736 30
0.068199 30
0.143766 30
0.118124 30
0.257384 30
0.106405 30
0.196093 30
0.238965 64
0.293372 45
0.375466 30
0.103227 30
0.600887 30
0.200457 30
0.204173 30
0.280496 39
0.058158 30
0.160476 30
0.105124 32
0.361673 67
0.113699 30
0.168379 45
0.910400 39
0.183173 39
0.100641 39
0.235197 41
0.074559 39
0.187397 39
0.109482 39
0.076021 39
0.098838 40
0.157874 39
0.480675 39
0.167802 39
0.441089 45
0.442149 31
0.121897 31
0.092393 31
0.108679 31
0.159079 47
0.163433 80
0.456726 75
1.420841 43
0.202027 29
0.537075 30
0.332078 30
0.143286 30
0.271993 39
0.077860 30
0.166741 30
0.252989 30
0.068081 30
0.359326 30
0.112996 30
0.215756 67
0.319154 46
1.257230 30
0.109621 30
0.242748 30
0.191693 30
0.068252 30
0.166294 30
0.257478 67
0.266149 30
0.131680 45
0.462729 39
0.436212 39
0.155388 39
0.192653 39
0.106936 39
0.060087 39
0.197529 39
0.059067 40
0.113595 39
0.595585 39
0.153305 45
0.731885 31
0.114695 31
0.130462 31
0.074417 31
0.165041 47
0.206070 79
0.734336 43
0.100889 19
0.001309 38
0.162164 50
0.216209 1
0.113399 1
0.358753 1
0.192306 21
0.000136 20
0.008090 42
0.000532 70
0.004022 43
0.000085 62
0.003675 239
0.000434 70
2.392056 1
0.057588 1
0.134388 1
0.113701 1
0.056399 1
0.077840 1
0.091651 1
0.253210 1
0.058608 1
0.081664 1
0.128231 1
0.296703 1
0.170746 1
0.186567 1
0.132809 1
0.782986 1
0.096333 1
0.155924 1
0.208449 1
0.299869 8
1.912241 1
0.179568 1
0.258729 6
1.225155 1
0.213683 1
0.276731 1
0.167723 1
0.038515 1
0.071555 1
0.500617 6
0.898867 1
0.262811 14
1.655699 1
0.212727 1
0.099043 1
0.096949 1
0.194917 11
0.005353 241
0.043475 92
0.002408 43
0.000109 71
0.003746 239
0.000281 8
0.000016 62
1.384511 64
0.208033 1
0.013691 64
0.605196 5
0.078015 5
0.076671 9
0.055512 5
0.070505 5
0.204440 11
0.004952 241
0.336499 235
0.145946 24
0.000024 170
0.101062 198
0.098967 371
0.100493 371
0.100028 371
0.100191 371
0.099175 371
0.100195 371
0.100285 371
0.100237 371
0.099219 371
0.100202 371
0.100181 371
0.100186 371
0.100186 371
0.099358 371
0.100075 371
0.100571 371
0.099488 544
0.057160 553
0.004943 45
0.002433 43
0.000120 62
0.003723 239
0.000191 8
0.000012 62
18.256358 1
0.437502 1
0.276877 1
0.094236 1
0.081766 1
0.513172 1
0.198008 1
0.302788 1
0.144171 1
0.156779 1
0.219014 1
0.216488 1
0.164211 1
0.506091 1
0.909973 1
0.083611 1
0.436122 1
2.170314 1
0.089173 1
0.173841 1
0.104643 1
0.067671 1
0.081844 1
0.067154 2
0.000018 9
0.005455 241
0.368039 235
0.010395 50
0.001920 45
0.001183 43
0.000131 71
0.003803 239
0.000205 8
0.000010 62
13.278595 1
0.090094 1
0.115676 1
0.115783 1
0.130124 1
0.116256 1
0.162365 1
0.156353 1
0.215374 1
0.087332 1
0.237468 1
0.193202 1
0.225075 1
0.097603 1
0.227628 1
0.137936 1
0.182164 1
0.642158 1
0.187725 1
0.159125 1
0.088647 1
0.153113 1
0.087391 1
0.108258 1
0.094099 1
0.201317 1
0.096615 1
0.057063 1
0.088056 1
0.038369 2
0.000030 9
0.005029 241
0.004314 35
0.000288 43
0.000079 62
0.003169 239
0.000474 8
0.000015 62
20.916963 1
0.098523 1
0.092537 1
0.094498 1
0.058411 1
0.094487 1
0.098012 1
0.277519 1
0.169746 1
0.103457 1
0.166684 1
0.131171 1
0.169166 1
0.210902 1
0.472146 1
0.102596 1
0.078517 1
0.587544 1
0.721762 1
0.343640 8
1.263749 1
0.198492 1
0.204010 6
0.862920 1
0.098861 1
0.333192 1
0.307400 1
0.117510 1
0.071307 1
0.171772 6
0.306666 1
0.500510 4
0.864538 1
0.287204 14
1.095802 1
0.084225 1
0.168750 1
0.268707 1
0.043550 1
0.087546 1
0.195351 6
1.315895 1
0.224804 10
0.944263 1
0.076925 1
0.074007 1
0.287302 1
0.279427 4
0.539080 1
0.059537 1
0.086210 11
0.005570 241
0.054687 136
0.003175 43
0.000085 71
0.003869 239
0.000253 8
0.000016 62
1.059149 87
0.229569 87
0.294128 5
0.066441 5
0.106903 9
0.011668 5
0.079348 5
0.187153 11
0.005143 241
0.314850 235
0.155476 192
0.099538 196
0.100851 196
0.099323 196
0.099831 196
0.100616 196
0.101162 196
0.098326 196
0.100234 196
0.100193 196
0.100206 196
0.099147 196
0.100295 196
0.100231 196
0.100170 196
0.100264 196
0.099501 196
0.100294 196
0.100186 196
0.099579 196
0.099950 196
0.100252 196
0.099484 196
0.100274 196
0.100367 196
0.099335 196
0.099910 196
0.100481 196
0.099626 196
0.100259 196
0.100302 196
0.099467 196
0.100752 196
0.099656 196
0.099607 196
0.100617 196
0.099148 196
0.100224 196
0.100163 196
0.100334 196
0.099548 196
0.100660 196
0.099015 196
0.100775 196
0.100257 196
0.099627 196
0.100566 196
0.098810 196
0.100630 196
0.100503 196
0.099266 196
0.100219 196
0.100257 196
0.099087 196
0.100227 196
0.100400 196
0.099382 196
0.100502 196
0.100209 196
0.100185 196
0.099162 196
0.100546 196
0.100119 196
0.099586 26
0.000019 195
0.100235 221
0.100222 221
0.099161 221
0.100249 221
0.100596 224
0.100167 224
0.099249 224
0.100109 27
0.000029 197
0.099625 27
0.000019 197
0.100840 224
0.099154 224
0.100966 224
0.099698 224
0.099563 224
0.100247 224
0.099857 224
0.099968 224
0.100149 226
0.100416 226
0.099556 226
0.100489 226
0.099703 27
0.000017 199
0.099830 226
0.100339 226
0.099172 226
0.100544 226
0.100452 226
0.099357 226
0.100122 226
0.099918 226
0.100331 226
0.099948 27
0.000017 199
0.100211 226
0.099635 226
0.100523 226
0.099276 226
0.100550 27
0.000021 199
0.099430 27
0.000029 199
0.100366 27
0.000017 199
0.099757 27
0.000030 199
0.100201 226
0.099762 27
0.000018 199
0.099657 27
0.000016 199
0.099826 226
0.100283 226
0.099868 226
0.100496 27
0.000018 199
0.100343 226
0.099131 226
0.100777 226
0.099777 27
0.000015 199
0.099918 226
0.100006 27
0.000026 199
0.099526 226
0.100725 226
0.099618 226
0.099656 226
0.100796 226
0.099744 226
0.099586 226
0.100143 226
0.100240 226
0.100227 207
0.099702 544
0.100446 544
0.099876 544
0.099203 544
0.100202 544
0.100108 28
0.000018 516
0.100166 544
0.100270 544
0.099102 544
0.100265 544
0.100177 544
0.100361 544
0.099151 544
0.100218 544
0.100201 544
0.100181 544
0.100150 544
0.100199 28
0.000067 516
0.099172 544
0.100024 717
0.100187 717
0.032419 928
0.000106 145
0.005045 45
0.002059 43
0.000116 71
0.003896 239
0.000196 8
0.000013 62
8.640001 1
0.074037 1
0.086958 1
0.086970 1
0.193045 1
0.076794 1
0.083039 1
0.130956 1
0.131864 1
0.115100 1
0.187112 1
0.670125 1
0.158007 1
0.149220 1
0.213608 9
0.261030 11
0.005039 241
0.015184 80
0.000807 58
0.000014 10
0.001852 69
0.000018 14
0.005929 3311
0.000013 25
1.017347 26
0.000365 74
0.136755 25
0.000173 46
0.153735 25
0.000118 48
0.361250 26
0.000184 45
0.294548 25
0.000173 46
0.373795 25
0.000122 48
0.608667 53
6.077253 24
0.000030 99
0.245555 30
0.303273 41
0.144588 41
0.139849 41
0.144518 41
0.434278 31
0.208991 31
0.092637 31
0.176529 31
0.156449 31
0.154708 31
0.504931 43
0.100451 19
0.000179 38
0.181694 50
0.986076 1
0.083706 1
0.364802 21
0.000058 20
0.026819 30
0.000557 70
0.001974 43
0.000115 62
0.003528 239
0.000353 8
0.000033 62
0.990946 23
0.108888 115
1.307369 11
0.005541 241
0.287736 235
0.097753 231
0.000039 147
0.004898 45
0.001855 43
0.000134 71
0.003674 239
0.000172 8
0.000014 62
9.343760 92
0.117546 147
0.756794 11
0.004112 241
0.015658 80
0.000735 58
0.000029 10
0.001796 65
0.000013 18
0.004313 3303
0.000009 25
0.555991 26
0.000157 44
0.126876 26
0.000144 44
0.151534 26
0.000143 44
0.111327 26
0.000145 44
0.125898 26
0.000162 44
0.747087 26
0.000177 44
0.209574 26
0.000194 44
0.916012 24
0.000184 44
1.158770 25
0.000177 48
1.414206 24
0.000020 99
0.385229 38
1.697162 38
0.525768 43
0.100458 19
0.000154 38
0.774225 50
0.226205 1
0.098397 1
0.161254 21
0.000126 20
0.026856 30
0.000553 70
0.001918 43
0.000149 62
0.003515 239
0.000167 8
0.000007 62
0.825450 23
0.119492 115
0.477572 11
0.005253 241
0.316267 235
0.154146 22
0.000020 170
0.100317 369
0.100229 369
0.099487 369
0.100218 369
0.100167 369
0.100208 369
0.099224 369
0.100754 369
0.099164 369
0.100166 369
0.100229 369
0.100217 369
0.099837 369
0.100218 369
0.100153 369
0.099382 369
0.100309 369
0.099662 369
0.100787 369
0.099311 369
0.100217 369
0.100168 369
0.099808 369
0.100160 369
0.100195 369
0.099672 369
0.099968 369
0.099863 369
0.100533 369
0.099257 369
0.100098 369
0.100260 369
0.099874 369
0.100160 369
0.100139 369
0.100228 369
0.099127 369
0.100953 369
0.099438 369
0.100563 369
0.099648 369
0.099356 369
0.100079 369
0.100286 369
0.100102 369
0.100106 369
0.099435 369
0.100755 369
0.099986 369
0.100233 369
0.099553 369
0.099453 369
0.100892 369
0.099447 369
0.100221 369
0.100347 369
0.100157 369
0.099631 542
0.100167 26
0.000017 516
0.099855 542
0.100229 363
0.000018 179
0.099184 542
0.100311 542
0.100396 542
0.099142 542
0.100170 542
0.100210 542
0.100182 542
0.100140 542
0.100235 542
0.099749 542
0.099413 542
0.100242 542
0.100465 542
0.099394 542
0.100205 542
0.100415 542
0.100204 542
0.099244 542
0.100277 542
0.100461 542
0.099492 542
0.100107 542
0.100184 542
0.099147 542
0.100193 542
0.014244 542
0.000142 620
0.005175 45
0.002699 43
0.000112 71
0.004069 239
0.000204 8
0.000008 62
16.290640 1
0.070385 1
0.085346 1
0.099867 2
0.000019 9
0.004781 241
0.008228 88
0.000297 43
0.000116 62
0.003435 239
0.000267 8
0.000018 62
4.461207 1
0.054985 1
0.125105 1
0.125580 1
0.216320 1
0.277364 1
0.117742 1
0.175788 1
0.123661 1
0.036448 1
0.207791 1
0.227969 1
0.082092 1
0.041379 1
0.095670 1
0.426009 1
0.466452 1
0.405019 1
0.129883 1
0.071583 1
0.281880 1
0.075904 1
0.403706 11
0.005288 241
0.008074 77
1.917104 1
0.401198 2
0.000142 87
0.000492 43
0.000179 71
0.004308 239
0.000443 70
0.852159 22
0.114098 28
0.148804 95
1.482618 127
0.126152 25
0.523783 25
0.646373 1
4.661087 1
0.089537 1
0.087382 11
0.005474 241
0.001243 116
0.000258 43
0.000051 62
0.003222 239
0.000187 8
0.000007 62
1.482372 1
0.078998 1
0.089817 1
0.138958 1
0.158726 1
0.133758 1
0.121498 1
0.144424 1
0.137135 1
0.079062 1
0.109634 1
0.207135 1
0.055422 1
0.080746 1
0.107762 1
0.670729 11
0.004687 241
0.001054 14
0.000204 43
0.000097 62
0.003253 239
0.000259 70
3.535881 1
0.070911 1
0.106484 1
0.142615 1
0.137305 1
0.143543 1
0.075450 1
0.112509 1
0.086013 11
0.004983 241
0.001179 30
0.000274 43
0.000065 62
0.003328 239
0.000255 70
2.460388 1
0.098301 1
0.065616 1
0.387707 1
0.138629 1
0.260043 1
0.106557 1
0.357822 1
0.102311 1
0.077942 1
0.069483 1
0.176662 1
0.335976 1
0.365021 1
0.159099 1
0.156817 1
0.102566 1
0.230426 1
0.105623 1
0.103181 1
0.110044 1
0.157067 1
0.258803 4
0.090875 1
0.096543 1
0.086352 1
0.067020 1
0.129782 11
0.005124 241
0.001187 43
0.000076 62
0.003350 239
0.000259 8
0.000024 62
2.126108 1
0.071599 1
0.112814 1
1.213346 1
0.267251 1
0.279834 1
0.121107 1
0.160310 1
0.120099 1
0.076611 1
0.099038 1
0.183537 1
0.030247 1
0.067095 1
0.113047 1
0.463934 1
0.248776 1
0.119630 1
0.105490 1
0.078793 1
0.140168 1
0.215696 1
0.177763 11
0.005189 241
0.001497 43
0.000096 62
0.003627 239
0.000285 70
1.954152 22
0.110605 47
0.240331 36
0.217686 17
0.289885 16
0.277755 24
0.375456 28
0.324165 95
0.859251 11
0.005177 241
0.342270 235
0.156112 365
0.099975 369
0.099243 369
0.100377 369
0.100523 369
0.099002 542
0.100275 542
0.100062 542
0.021700 551
0.005097 45
0.002690 43
0.000068 62
0.003499 239
0.000267 8
0.000011 62
30.182854 1
0.097346 1
0.092757 1
0.105953 1
0.048338 1
0.079154 1
0.102277 1
0.179958 1
0.583074 8
0.192770 5
0.361114 5
0.251310 9
0.061636 5
0.031587 5
0.307940 24
0.570134 1
0.160428 1
0.171409 1
0.104737 1
0.808857 1
0.115069 1
0.192031 1
0.228628 1
0.168084 1
0.096028 1
0.453820 1
0.202670 1
0.144297 1
0.146290 1
0.293373 1
0.104590 1
0.098435 1
0.210011 1
0.150337 1
0.098993 1
0.083582 1
0.139418 1
0.292295 4
0.106641 4
0.416458 1
0.123907 1
0.258576 1
0.115487 1
0.249218 1
0.205221 1
0.319119 11
0.005888 241
0.337774 235
0.061838 20
0.003570 45
0.001824 43
0.000119 62
0.003170 239
0.000288 8
0.000015 62
4.087370 1
0.081295 1
0.096110 1
0.049230 1
0.064533 1
0.138800 1
0.109587 1
0.081157 1
0.103437 1
0.016094 1
0.093030 1
0.270393 1
0.090283 1
0.171096 1
0.157131 1
0.177634 1
0.108162 1
0.912887 1
0.267951 1
0.235327 1
0.242781 1
0.259510 1
0.113432 1
0.373845 1
0.231320 1
0.156757 1
0.181388 1
0.426133 1
0.113080 1
0.532420 4
0.118909 4
0.310051 1
0.121703 1
0.156877 1
0.220229 1
0.575925 1
0.136701 1
0.274575 1
0.107112 1
0.163449 1
0.118089 1
0.124709 1
0.084857 1
0.123828 1
1.140825 4
0.164010 1
0.430145 1
0.154328 1
0.143884 1
0.052425 1
0.956490 1
0.291373 1
0.162605 1
0.248834 1
0.354114 1
0.187979 1
0.073444 1
1.419212 1
0.157024 1
0.285977 1
0.502830 1
0.881944 1
0.436752 1
0.279070 1
0.271389 1
1.022851 1
0.121333 1
0.164223 1
0.150180 1
0.098736 1
0.588931 1
0.138256 1
0.149968 1
0.118198 1
1.150233 1
0.373730 1
0.100112 1
0.167536 1
0.125267 1
0.189138 1
0.362032 4
0.106970 1
0.154948 1
0.568329 1
1.577172 1
0.529264 1
0.354142 1
0.328985 1
0.161750 1
0.512835 1
0.796845 1
0.097600 1
0.238998 1
0.291519 1
0.170566 1
0.154542 1
0.107515 1
0.198636 1
0.162320 1
0.935512 1
0.139602 1
0.185911 1
0.329135 4
0.038200 1
0.284197 1
0.219924 11
0.005955 241
0.325861 235
0.044004 79
4.344935 2
0.127187 2
1.016716 2
0.002586 45
0.002050 4
0.000081 43
0.000080 62
0.003449 239
0.000184 8
0.000013 62
7.691253 1
0.094273 1
0.079035 1
0.048794 1
0.061898 1
0.180723 1
0.072883 1
0.129140 1
0.083231 1
0.080791 1
0.089196 1
0.096863 1
0.174296 1
0.183167 1
0.143954 1
0.214260 1
0.155391 1
0.234650 1
0.291004 1
0.395542 1
0.205450 1
0.148030 1
0.103937 1
0.221024 1
0.159146 1
0.135707 1
0.168842 1
0.093636 1
0.225639 11
0.005398 241
0.295654 235
0.058415 45
0.001926 43
0.000112 62
0.003834 239
0.000181 8
0.000008 62
5.236167 28
17.327768 11
0.000018 17
0.000010 2
0.000070 43
0.001074 87
0.003728 239
0.000301 8
0.000018 62
9.327279 1
0.052872 1
0.120698 1
0.086389 1
0.072080 1
0.076291 1
0.105786 1
0.225768 1
0.055534 1
0.098900 1
0.097637 1
0.138340 1
0.180282 1
0.179066 1
0.106555 1
1.285688 1
0.049146 1
0.420348 1
0.185090 1
0.080020 1
0.081462 1
0.213534 6
1.428928 1
0.169624 1
0.257546 6
1.299049 1
0.320045 4
0.226904 1
0.136936 1
0.125387 1
0.562781 1
0.483932 1
0.146935 1
0.097396 1
0.127654 1
0.229011 1
0.092390 1
0.092326 1
0.722625 1
0.229579 1
0.081359 1
0.126171 1
0.167522 1
0.141042 1
0.071658 11
0.005262 241
0.036148 28
0.000595 43
0.000118 71
0.003091 239
0.000268 8
0.000019 62
1.157263 51
0.549904 4
0.630720 4
0.042628 4
0.039569 4
0.039964 4
0.040551 4
0.039602 4
0.039746 4
0.040523 4
0.040010 4
0.039604 4
0.039474 4
0.435391 4
0.134590 4
0.139480 4
0.142593 4
0.141799 4
3.767862 1
0.078026 1
1.653989 1
0.274431 1
0.100432 1
0.082262 1
0.237736 6
0.611777 1
0.239106 1
0.143156 13
0.732721 1
0.071365 1
0.113644 1
2.174512 1
0.060023 1
0.066061 1
0.152350 6
0.478082 1
0.175600 1
0.247851 9
1.051851 1
0.053772 1
0.382033 4
0.118521 4
0.311885 1
0.123812 1
0.111502 1
0.267713 1
0.174163 1
0.126058 1
0.069977 1
0.199034 1
0.196618 1
0.125214 1
0.089538 1
0.189696 1
0.296096 4
0.056999 1
0.220949 1
0.067323 1
0.107195 1
0.151658 1
0.143744 1
0.076783 2
0.000095 9
0.005183 241
0.050075 92
0.004179 43
0.000117 71
0.003964 239
0.000190 8
0.000011 62
2.168625 99
0.380169 99
0.643302 5
0.070282 5
0.092154 178
0.048029 180
0.064042 181
0.199281 14
0.005341 241
0.295677 235
0.067526 547
14.825805 1
1.022447 2
0.000248 2
0.004926 45
0.002105 43
0.000793 87
0.003271 239
0.000296 8
0.000009 62
0.939491 104
0.118306 595
0.602477 85
0.355672 121
0.141539 225
0.133099 198
0.807219 1
0.106126 1
0.039875 11
0.005271 241
0.001346 102
0.000217 43
0.000084 62
0.003458 239
0.000288 8
0.000015 62
11.837700 1
0.091430 1
0.161575 1
0.136517 1
0.441729 1
0.049826 1
0.090264 1
0.116771 1
0.127341 1
0.092825 1
0.166190 1
0.132851 1
0.743866 1
0.126405 1
0.128245 1
0.060490 1
0.125531 1
0.196883 1
1.101489 1
0.134692 1
0.289187 1
0.049340 1
0.177337 11
0.005694 241
0.000886 415
0.000263 43
0.000124 62
0.003556 239
0.000235 8
0.000016 62
6.374257 1
0.113356 1
0.175677 1
0.143842 1
0.403549 1
0.062072 1
0.076631 1
0.142146 1
0.313544 1
0.162806 1
0.784514 1
0.187295 1
0.420150 1
0.088325 1
0.111810 1
0.504905 1
0.412014 4
0.124963 4
0.128815 4
0.138827 4
0.205631 1
0.153432 1
0.212803 14
0.287077 11
0.005614 241
0.000641 547
0.000203 43
0.000129 62
0.003260 239
0.000294 70
8.562653 27
0.366226 29
0.782231 25
0.181754 30
3.253159 1
0.374279 1
0.094429 1
0.613790 1
0.242037 1
0.061177 1
0.096781 1
0.167533 1
0.183596 1
0.193688 1
0.192771 1
0.626919 1
0.163570 1
0.169967 14
0.267845 11
0.004885 241
0.031183 80
0.000909 62
0.000035 10
0.001880 69
0.000014 14
0.007327 2696
0.000014 25
0.576112 26
0.000402 74
0.128864 25
0.000166 46
0.127748 25
0.000174 48
0.147589 26
0.000193 45
0.126693 25
0.000227 47
0.143246 25
0.000199 48
0.146064 26
0.000212 47
0.168686 26
0.000192 47
0.360477 26
0.000168 47
0.312202 26
0.000177 44
0.612399 24
0.000037 99
0.203423 44
0.371426 33
0.573322 43
0.100494 19
0.000091 38
0.124561 50
0.196884 1
0.152174 1
0.666027 1
0.000021 20
0.000120 24
0.026549 30
0.000533 41
0.000059 29
0.001903 43
0.000141 62
0.003694 239
0.000191 8
0.000014 62
1.393296 1
0.093888 1
0.764523 1
0.062307 1
0.157468 1
0.153676 1
0.050755 1
0.481871 4
0.099352 4
0.088921 1
0.097203 1
0.105680 1
0.110761 1
0.076349 1
0.072397 1
0.125318 1
1.237391 1
0.076090 1
0.091928 1
0.143729 1
0.123040 1
0.134016 1
0.174533 1
0.144609 1
1.179346 1
0.062925 1
0.727103 1
0.297898 1
0.139134 1
0.087610 1
0.171431 1
0.143767 1
0.114163 1
0.222589 1
0.282887 1
1.380253 1
0.277216 7
0.715733 1
0.041521 1
0.083346 1
0.139297 1
0.131605 1
0.119537 1
0.165064 1
0.092650 1
0.238565 4
0.203086 1
1.539640 1
0.233984 14
2.020702 1
0.570401 1
0.041872 1
0.039697 1
0.040489 1
0.039629 1
0.039803 1
0.040264 1
0.039981 1
0.040053 1
0.039888 1
0.040043 1
0.039685 1
0.040387 1
0.039713 1
0.039836 1
0.040696 1
0.040117 1
0.039914 1
0.040009 1
0.039727 1
0.040324 1
0.039368 1
0.650687 5
0.033461 5
0.282116 69
0.664530 1
0.570449 1
0.038556 1
0.039843 1
0.040635 1
0.039768 1
0.040478 1
0.039706 1
0.039747 1
0.039980 1
0.039653 1
0.040841 1
0.040265 1
0.039364 1
0.039855 1
0.039801 1
0.040039 1
0.039920 1
0.040716 1
0.040099 1
0.040512 1
0.157429 1
0.156759 1
0.177331 5
0.123822 69
0.646216 1
0.109421 1
0.373752 1
0.213890 1
0.060456 1
0.075334 1
0.122077 1
0.157131 1
0.374028 1
0.199084 1
0.135324 1
1.715356 1
0.067477 1
0.187941 9
1.305994 1
0.103230 1
0.140845 1
0.372648 1
0.158919 1
0.172475 1
0.237147 1
1.722275 11
0.005106 241
0.302700 235
0.153758 525
0.100369 529
0.098965 529
0.100312 31
0.000018 498
0.100130 529
0.100281 529
0.100223 529
0.099932 529
0.099502 529
0.099924 529
0.100118 529
0.082904 529
0.005188 45
0.003015 43
0.000082 62
0.004053 239
0.000305 8
0.000012 62
2.641216 94
0.322161 4
0.124060 4
0.125320 4
0.129390 4
0.130642 4
0.142786 4
0.324140 4
0.802476 1
0.104415 1
0.154896 1
0.107504 1
0.136591 11
0.005064 241
0.027100 235
0.153516 24
0.000017 170
0.099181 198
0.100166 198
0.100111 371
0.100293 371
0.099691 544
0.100548 544
0.099895 544
0.100175 544
0.099364 544
0.100035 544
0.100140 28
0.000028 516
0.100268 544
0.099243 544
0.100515 544
0.099877 544
0.100291 717
0.100342 201
0.000014 516
0.034989 726
0.005572 45
0.002433 43
0.000130 62
0.004058 239
0.000269 8
0.000010 62
0.550171 91
0.136173 11
0.608873 15
0.476232 4
0.110778 4
0.139420 4
0.134162 4
0.335801 1
0.073141 1
0.193773 2
0.000021 9
0.004906 241
0.036573 235
0.154747 365
0.101093 542
0.099319 715
0.083784 724
0.048837 38
0.160620 73
0.000021 28
0.000014 28
0.000028 20
0.000025 24
0.000013 16
0.000013 20
0.000012 16
0.000033 32
0.000014 20
0.000024 9
0.000213 144
0.000007 24
0.000024 44
0.000018 32
0.000018 44
0.000020 40
0.000020 44
0.000020 37
0.000036 24
0.000017 137
0.000016 5
0.000101 35
0.133549 89
0.000018 92
0.000028 36
0.000029 36
0.000019 33
0.000024 115
0.000017 36
0.000021 24
0.000017 32
0.000016 16
0.000009 24
0.000015 20
0.000019 24
0.000016 16
0.000009 20
0.000016 24
0.000010 16
0.000017 16
0.000009 5
0.000058 33
0.000016 11
0.000015 122
0.005553 37
0.000011 20
0.000007 20
0.000013 20
0.000015 24
0.000017 28
0.000017 24
0.000014 20
0.000023 28
0.000018 28
0.000015 16
0.000017 21
0.000016 140
0.000021 32
0.000011 20
0.000013 16
0.000019 28
0.000032 32
0.000007 16
0.000006 20
0.000019 24
0.000012 16
0.000033 44
0.000017 21
0.000045 24
0.000023 9
0.000029 133
0.130022 81
0.000019 84
0.000018 24
0.000022 28
0.000010 20
0.000021 20
0.000021 29
0.000023 97
0.000010 16
0.000017 28
0.000027 24
0.000009 32
0.000025 28
0.000023 28
0.000022 44
0.000020 24
0.000023 45
0.000040 24
0.000037 142
0.218728 161
0.000026 20
0.000014 36
0.000027 12
0.000024 28
0.000022 24
0.000014 5
0.000040 244
0.000013 20
0.000015 12
0.000022 20
0.000025 28
0.000014 12
0.000014 20
0.000050 32
0.000026 40
0.000025 24
0.000014 16
0.000026 24
0.000015 9
0.000046 10
0.000014 14
0.000025 9
0.000024 11
0.000035 131
0.000027 48
0.000019 24
0.000009 32
0.000018 20
0.000020 36
0.000018 24
0.000025 40
0.000017 28
0.000017 25
0.000019 155
0.000016 28
0.000016 28
0.000026 36
0.000018 32
0.000025 24
0.000018 40
0.000018 32
0.000018 28
0.000017 17
0.000037 33
0.000022 133
0.002159 37
0.000011 20
0.000024 32
0.000026 44
0.000017 32
0.000026 20
0.000018 24
0.000018 28
0.000008 32
0.000027 17
0.000010 139
0.000021 20
0.000019 28
0.000018 24
0.000018 28
0.000022 28
0.000022 36
0.000019 20
0.000033 44
0.000026 33
0.000016 20
0.000015 13
0.000022 133
0.689990 117
0.000023 40
0.000011 16
0.000013 24
0.000012 12
0.000026 16
0.000010 16
0.000021 20
0.000041 25
0.000013 129
0.000011 16
0.000013 16
0.000023 24
0.000021 16
0.000020 24
0.000011 20
0.000022 24
0.000021 16
0.000009 16
0.000017 28
0.000015 20
0.000017 24
0.000023 25
0.000031 16
0.000008 17
0.000037 133
0.234279 149
0.000016 60
0.000031 36
0.000009 20
0.000024 21
0.000009 131
0.000017 24
0.000009 16
0.000008 24
0.000024 20
0.000008 24
0.000026 20
0.000035 44
0.000011 28
0.000025 32
0.000017 24
0.000019 17
0.000029 24
0.000016 9
0.000023 133
0.000015 37
0.000024 24
0.000021 40
0.000024 24
0.000011 36
0.000025 28
0.000019 24
0.000008 28
0.000025 36
0.000017 196
0.000027 53
0.000016 32
0.000017 28
0.000025 28
0.000018 40
0.000020 40
0.000019 32
0.000020 29
0.000032 33
0.000006 133
0.005448 25
0.000011 36
0.000015 28
0.000016 24
0.000026 28
0.000008 36
0.000027 40
0.000020 28
0.000008 20
0.000031 268
0.000019 20
0.000017 36
0.000022 24
0.000008 20
0.000016 20
0.000025 36
0.000009 24
0.000019 20
0.000016 24
0.000018 24
0.000008 21
0.000033 24
0.000034 142
0.020794 69
0.000016 96
0.000025 32
0.000017 36
0.000021 40
0.000028 209
0.000011 32
0.000019 32
0.000022 40
0.000017 32
0.000021 28
0.000018 36
0.000020 52
0.000009 17
0.000037 24
0.000030 142
0.000011 25
0.000018 44
0.000017 32
0.000016 28
0.000023 48
0.000018 36
0.000018 48
0.000027 254
0.000011 32
0.000016 24
0.000020 40
0.000022 36
0.000017 32
0.000019 44
0.000009 32
0.000027 37
0.000025 33
0.000023 133
4.055963 35
0.142222 93
0.000014 36
0.000016 28
0.000012 24
0.000014 28
0.000018 20
0.000005 20
0.000020 32
0.000006 5
0.000021 83
0.000018 24
0.000005 20
0.000013 12
0.000007 20
0.000014 20
0.000019 24
0.000010 12
0.000024 20
0.000009 16
0.000017 12
0.000019 24
0.000017 12
0.000009 12
0.000021 28
0.000017 21
0.000026 14
0.000009 10
0.000009 9
0.000019 124
0.000008 9
0.215271 117
0.000017 24
0.000009 40
0.000022 32
0.000018 28
0.000008 20
0.000016 20
0.000008 5
0.000027 132
0.000019 40
0.000020 28
0.000009 20
0.000017 24
0.000016 20
0.000016 24
0.000014 20
0.000028 40
0.000007 20
0.000017 20
0.000015 17
0.000035 20
0.000008 13
0.000025 133
0.000008 21
0.000017 16
0.000014 28
0.000015 20
0.000009 24
0.000018 20
0.000016 20
0.000014 20
0.000016 28
0.000015 16
0.000017 24
0.000007 24
0.000020 25
0.000018 125
0.000021 20
0.000008 20
0.000009 12
0.000016 16
0.000008 16
0.000016 20
0.000015 20
0.000008 20
0.000016 20
0.000014 20
0.000014 20
0.000016 32
0.000014 16
0.000008 5
0.000019 16
0.000015 17
0.000022 128
0.000008 14
0.000015 16
0.000019 28
0.000008 24
0.000016 16
0.000016 32
0.000015 16
0.000016 24
0.000019 36
0.000014 20
0.000018 28
0.000016 20
0.000018 125
0.000007 29
0.000025 28
0.000018 24
0.000009 20
0.000008 24
0.000008 20
0.000016 16
0.000009 16
0.000019 32
0.000015 20
0.000008 16
0.000022 24
0.000008 17
0.000020 14
0.000008 10
0.000009 9
0.000031 133
0.000952 37
0.000017 32
0.000019 32
0.000020 36
0.000005 16
0.000022 28
0.000010 32
0.000014 28
0.000018 45
0.000023 177
0.000012 28
0.000012 32
0.000018 48
0.000018 40
0.000015 28
0.000016 32
0.000006 33
0.000035 24
0.000011 9
0.000024 133
0.000015 25
0.000011 20
0.000017 28
0.000015 24
0.000012 20
0.000018 24
0.000007 20
0.000022 32
0.000012 16
0.000015 16
0.000019 32
0.000015 29
0.000018 117
0.000016 48
0.000013 20
0.000021 32
0.000018 36
0.000019 40
0.000023 32
0.000023 36
0.000015 20
0.000006 5
0.000017 14
0.000013 19
0.000022 133
0.000015 21
0.000008 24
0.000025 40
0.000021 36
0.000019 28
0.000018 28
0.000018 32
0.000020 32
0.000020 32
0.000021 134
0.000018 28
0.000009 24
0.000019 32
0.000018 28
0.000010 24
0.000018 28
0.000009 28
0.000016 24
0.000037 20
0.000017 33
0.000015 14
0.000013 19
0.000020 133
0.000949 21
0.000009 16
0.000015 32
0.000011 16
0.000007 24
0.000016 20
0.000014 28
0.000015 24
0.000017 20
0.000025 44
0.000012 16
0.000029 129
0.000006 41
0.000023 36
0.000021 32
0.000016 16
0.000006 24
0.000023 28
0.000016 16
0.000017 32
0.000017 36
0.000020 25
0.000019 20
0.000006 13
0.000022 133
0.000469 37
0.000014 20
0.000013 20
0.000007 16
0.000012 12
0.000013 12
0.000018 28
0.000013 36
0.000014 12
0.000025 28
0.000008 24
0.000022 28
0.000007 13
0.000011 97
0.000014 20
0.000014 12
0.000013 20
0.000018 28
0.000014 28
0.000017 20
0.000017 24
0.000011 12
0.000012 24
0.000019 24
0.000011 16
0.000006 16
0.000017 20
0.000012 13
0.000017 16
0.000017 17
0.000026 133
0.034689 53
0.000019 48
0.000078 32
0.000013 32
0.000027 48
0.000026 40
0.000018 28
0.000010 5
0.000018 105
0.000011 20
0.000010 16
0.000008 16
0.000019 16
0.000018 32
0.000021 32
0.000023 32
0.000018 28
0.000009 16
0.000017 16
0.000021 36
0.000009 9
0.000046 24
0.000009 9
0.000023 133
0.000156 17
0.000012 24
0.000029 28
0.000013 16
0.000030 28
0.000025 20
0.000013 16
0.000011 12
0.000025 40
0.000011 16
0.000019 16
0.000008 20
0.000008 16
0.000020 17
0.000022 254
0.000008 20
0.000008 16
0.000008 16
0.000018 20
0.000008 16
0.000016 28
0.000017 32
0.000016 16
0.000008 12
0.000036 20
0.000011 24
0.000017 28
0.000008 21
0.000033 20
0.000008 4
0.000018 9
0.000017 133
0.094016 65
0.000022 36
0.000012 12
0.000012 20
0.000025 16
0.000013 16
0.000012 16
0.000034 40
0.000021 16
0.000012 16
0.000022 16
0.000022 17
0.000026 92
0.000012 20
0.000022 16
0.000022 24
0.000022 24
0.000013 24
0.000011 16
0.000030 24
0.000027 24
0.000013 20
0.000026 16
0.000012 16
0.000012 16
0.000022 20
0.000012 9
0.000041 16
0.000021 17
0.000026 128
0.000010 5
0.000678 33
0.000015 32
0.000025 20
0.000012 24
0.000025 24
0.000031 36
0.000012 16
0.000012 16
0.000011 16
0.000027 20
0.000012 12
0.000023 28
0.000025 90
0.000012 29
0.000011 12
0.000025 20
0.000063 24
0.000012 96
0.000011 12
0.000024 16
0.000011 12
0.000012 16
0.000024 24
0.000016 25
0.000022 24
0.000014 9
0.000022 133
1.469955 61
0.000023 84
0.000028 16
0.000015 48
0.000027 24
0.000022 28
0.000035 25
0.000081 181
0.000032 24
0.000009 20
0.000028 28
0.000017 16
0.000018 20
0.000009 16
0.000008 16
0.000021 24
0.000016 16
0.000009 9
0.000061 20
0.000008 13
0.000033 128
0.000008 5
0.883115 65
0.000018 56
0.000021 16
0.000009 20
0.000016 20
0.000009 12
0.000008 20
0.000023 20
0.000008 24
0.000022 33
0.000025 112
0.000009 12
0.000019 12
0.000016 16
0.000017 20
0.000010 12
0.000008 16
0.000024 32
0.000010 16
0.000037 28
0.000015 32
0.000012 8
0.000011 24
0.000024 28
0.000012 13
0.000039 16
0.000011 8
0.000012 9
0.000024 133
1.784036 57
0.000020 44
0.000008 28
0.000027 16
0.000019 16
0.000027 20
0.000008 16
0.000029 20
0.000020 20
0.000025 28
0.000026 21
0.005226 45
0.002782 43
0.000076 62
0.003995 239
0.000192 8
0.000009 62
65.653091 1
0.158410 1
0.299226 1
0.085655 1
0.083199 11
0.005093 247
