0.045771 50
0.000134 30
0.002775 226
0.000313 8
0.000021 49
12.539338 1
0.393843 1
0.111022 1
0.377843 4
0.114360 4
0.756793 1
0.768806 3
0.102013 4
0.921288 4
0.668441 4
0.770252 3
0.502876 4
0.781523 4
0.129894 5
0.862405 4
1.383516 11
0.000146 30
0.000030 62
0.003207 226
0.000184 8
0.000018 49
10.865217 1
0.117667 1
0.112915 1
0.147638 1
0.111705 1
0.133182 1
1.178234 1
0.177122 1
0.169539 1
0.076284 1
0.686540 1
0.059214 1
0.538249 1
0.122358 1
0.197814 1
0.197960 1
0.216340 11
0.004653 228
0.003533 298
0.000320 30
0.000029 62
0.002632 226
0.000162 57
13.078392 1
0.106227 1
0.202559 1
0.413929 1
0.161046 1
0.285318 1
0.266292 1
0.224952 1
0.307319 1
0.427402 1
0.804824 1
0.393534 1
0.131431 1
0.614706 1
0.222384 1
0.113846 1
0.107131 1
0.172700 1
0.118478 1
0.206843 1
0.277855 1
0.075526 1
0.157088 1
0.054537 1
0.099299 1
0.108219 1
0.075247 1
0.548698 1
0.147951 1
0.980116 2
0.000016 9
0.004660 228
0.003574 30
0.000077 62
0.002797 226
0.000178 8
0.000014 49
0.444853 1
0.072374 1
0.110798 1
0.149035 1
0.142321 1
0.162420 1
0.633945 1
0.113679 1
0.124947 1
0.296401 1
0.187941 1
0.147254 1
0.082741 1
1.318615 1
0.072587 1
0.736212 1
0.679825 1
0.167745 1
0.213244 1
0.362883 1
0.224358 1
0.160579 1
0.084988 1
0.366997 1
0.126012 1
0.111964 1
0.184608 1
0.058239 1
0.201386 1
0.250688 2
0.000013 9
0.004405 228
0.003325 30
0.000046 62
0.002869 226
0.000556 8
0.000010 49
6.316401 1
0.090474 1
0.055527 1
0.157414 1
0.197752 1
0.255399 1
0.123982 11
0.004130 228
0.002398 11
0.000021 76
0.000010 131
0.000010 71
0.000283 30
0.000032 62
0.002649 226
0.000125 8
0.000016 49
1.591715 1
0.079368 1
0.074501 1
0.340604 1
0.146485 1
0.190401 1
0.263691 1
0.155346 1
0.158428 1
0.051468 1
0.209918 5
0.369922 11
0.004641 228
0.001202 42
0.000233 30
0.000044 62
0.002935 226
0.000177 8
0.000017 49
2.660391 1
0.062837 1
0.057540 1
0.111570 1
0.061077 1
0.499267 4
0.104915 4
0.084549 1
0.304724 1
0.109375 11
0.004759 228
0.002124 11
0.000180 30
0.000067 62
0.003096 226
0.000210 57
7.513741 54
47.607225 54
0.000188 54
0.000199 54
1.647157 54
0.006425 54
0.007171 54
0.007065 54
0.007025 54
0.013689 54
0.014444 54
0.021357 54
0.034861 54
0.028901 54
0.020432 54
0.042373 54
0.042325 54
0.035605 54
0.034984 54
0.028052 54
0.035418 54
0.036048 54
0.154878 54
0.127016 54
0.148057 54
0.119575 54
0.133897 54
122.424737 1
0.113745 1
0.124116 1
0.151497 1
0.160655 1
0.248237 1
0.357649 1
0.270437 1
0.199865 1
0.206141 1
0.220592 1
1.055773 1
2.017821 11
0.004617 228
0.000070 25
0.000052 62
0.003018 213
0.000204 8
0.000011 44
0.609388 1
0.067149 1
0.116434 11
0.004474 215
0.002214 25
0.000059 62
0.002828 213
0.000179 8
0.000016 44
0.617109 1
0.118078 1
0.102955 1
0.157402 1
0.264471 1
0.245554 1
0.211586 11
0.005139 215
0.001773 137
0.000014 132
0.000319 25
0.000043 62
0.002839 213
0.000137 52
