0.042624 50
0.000146 36
0.002888 232
0.000344 63
11.106844 1
0.091711 1
2.224481 1
1.163650 1
0.179789 1
0.108483 1
0.140728 1
0.116514 1
1.731986 1
0.152742 1
0.323242 1
0.682926 4
0.162288 1
0.442335 11
0.004367 234
0.007375 11
0.000016 567
0.000326 36
0.000043 62
0.002574 232
0.000175 63
28.929180 1
0.081710 1
0.057786 1
0.222286 1
0.131518 1
0.132565 1
0.999243 1
0.172283 1
0.143876 1
0.067612 1
0.415353 1
1.107296 1
0.300605 4
0.246484 1
0.887077 4
0.057516 1
0.205447 11
0.004175 234
0.000080 30
0.000065 62
0.002877 226
0.000168 57
0.546348 1
0.076002 1
0.066168 11
0.003749 228
0.001167 119
0.000179 30
0.000034 62
0.002382 226
0.000105 8
0.000013 49
9.182295 1
0.135693 1
0.144175 1
0.691094 1
0.106352 1
0.210349 1
0.251938 1
0.100176 1
0.190483 1
0.160509 1
0.195353 1
0.202573 1
0.206934 1
0.163518 1
0.082225 1
0.245370 1
0.449173 1
0.038255 1
0.118583 1
0.070387 11
0.004321 228
0.002005 21
0.000034 14
0.001389 51
0.000191 30
0.000042 62
0.002270 226
0.000581 8
0.000014 49
2.553095 1
0.080341 1
0.128729 1
0.129093 1
0.188771 1
0.368953 1
1.062233 9
0.303345 11
0.004926 228
0.000087 42
0.000022 62
0.002985 238
0.000192 69
0.327805 1
0.075244 1
0.069638 11
0.004938 240
0.001168 42
0.000251 42
0.000032 62
0.003062 238
0.000187 8
0.000015 61
1.331232 1
0.142822 1
0.229477 4
0.132431 4
0.106312 1
0.176196 1
0.167792 1
0.226524 1
0.422242 1
0.229897 1
0.199615 1
0.578991 1
0.277360 1
0.224550 1
0.177574 1
0.072108 1
0.146356 11
0.004701 240
0.000975 14
0.000075 14
0.001258 51
0.000236 42
0.000024 62
0.002983 238
0.000184 69
2.787276 1
0.082843 1
0.112086 1
1.148155 1
0.121448 1
0.129607 1
0.150699 1
0.129798 1
0.132744 1
0.694140 1
0.162623 1
0.137872 1
0.031529 1
0.484378 4
0.088771 4
0.111441 1
0.079095 1
0.704131 1
0.092665 1
0.128279 1
0.545685 1
0.150640 1
0.426388 1
0.269069 1
0.172931 1
0.154119 1
0.097672 1
0.261122 1
0.259288 1
0.062845 1
0.105003 1
0.083802 11
0.004810 240
0.001024 42
0.000033 62
0.002842 238
0.000177 8
0.000017 61
3.115646 27
0.105605 44
0.198463 11
0.004286 240
0.002049 14
0.000016 14
0.001273 51
0.000282 42
0.000038 62
0.002820 238
0.000184 69
14.414632 1
0.295917 1
0.210492 1
0.196315 1
0.287609 1
0.100810 1
0.172194 1
0.197431 11
0.004316 240
0.006794 53
0.991341 42
0.000054 73
0.002748 238
0.000148 8
0.000018 61
2.201444 1
0.116552 1
0.220590 1
0.179926 1
0.188892 1
0.204235 11
0.004820 240
0.003123 51
0.091171 42
0.000031 73
0.003049 238
0.000186 69
11.141375 1
0.194439 1
0.307857 1
0.656176 1
0.067119 1
0.317086 1
0.365844 1
1.624797 1
0.097918 1
0.095713 1
0.075135 1
0.337513 11
0.004512 240
0.002172 47
0.000213 42
0.000031 71
0.002750 238
0.000117 69
0.946000 11
0.235513 4
0.133218 4
0.134821 4
0.138089 4
1.169609 1
0.171275 1
0.175288 1
0.018153 1
0.695629 4
0.113594 4
0.157827 1
0.315150 1
0.196074 1
0.087592 1
0.185804 1
0.219403 1
0.147766 2
0.000015 9
0.004347 240
0.003052 31
0.000189 42
0.000029 62
0.002899 238
0.000300 8
0.000016 61
12.856125 1
0.185917 1
0.214936 1
1.583457 1
0.126686 1
0.207485 1
0.468659 1
0.171471 1
2.208446 1
0.934847 1
0.370702 1
4.598085 1
0.342440 1
0.383615 1
0.152792 1
0.248542 1
0.262358 1
0.247194 1
0.205436 1
0.273711 1
0.102295 1
2.361791 1
0.865182 1
12.025014 1
12.467662 1
2.069746 1
0.984228 1
0.393981 1
0.330646 1
0.066089 1
11.683512 11
0.004614 240
0.004203 42
0.000075 62
0.003118 238
0.000200 8
0.000021 61
0.881375 1
0.166948 1
0.178530 1
0.358755 1
0.144347 1
0.223686 1
0.322943 1
0.082915 1
0.472376 1
0.143213 1
0.216978 1
0.451783 1
0.216692 1
0.951457 1
0.149942 1
0.239653 1
0.286022 1
0.178678 1
0.078980 1
0.110243 1
5.927736 1
1.343106 1
1.881134 1
0.114755 1
0.136834 1
0.555766 1
0.189743 1
0.108855 1
0.107874 1
0.084275 1
0.203097 11
0.004282 240
0.001110 42
0.000039 62
0.003175 238
0.000180 8
0.000015 61
1.173370 30
0.078263 1
0.591986 1
0.041146 1
0.039931 1
0.040659 1
0.040016 1
0.285159 1
0.137917 1
0.136669 1
1.044359 5
0.038065 5
0.954246 11
0.004697 240
0.001350 42
0.000069 62
0.002699 238
0.000120 8
0.000010 61
1.177132 1
0.128053 1
0.141854 1
0.245299 1
0.138916 1
0.287846 1
0.154056 1
0.380671 1
0.631047 1
0.102678 1
0.076603 1
0.092000 1
0.184192 11
0.005043 240
0.000791 14
0.000022 14
0.001174 14
0.000760 107
0.000268 42
0.000054 62
0.002840 238
0.000120 8
0.000012 61
27.190372 1
0.188453 1
0.522554 1
0.094929 1
0.258209 11
0.004412 246
