0.042083 50
0.000256 30
0.002670 226
0.000304 8
0.000026 49
67.138910 54
1564.643465 1
0.054085 1
0.145574 1
0.108112 1
0.058954 1
0.081308 1
0.167662 1
0.166570 1
0.061682 1
0.432739 11
0.003963 228
0.029363 88
0.000013 166
0.000008 72
0.000007 47
0.000007 95
0.000008 37
0.000007 48
0.000007 76
0.000293 30
0.000045 62
0.002875 226
0.000119 8
0.000013 49
3.304748 1
0.207194 1
0.728109 1
0.477366 1
0.177446 1
0.104374 1
1.195483 1
0.160930 1
0.390481 4
1.253426 1
0.424009 4
0.376785 1
0.980876 1
1.365881 1
0.251427 1
0.147236 1
0.136629 1
0.428441 1
0.240758 1
0.388594 1
0.619291 1
0.092562 1
0.086433 1
0.288471 4
0.120571 4
0.125675 4
4.674200 3
0.173650 4
0.685002 3
0.168433 4
0.683947 3
0.694761 3
0.775398 1
0.267438 4
0.133419 1
0.156474 1
0.268245 1
1.076460 1
28.126196 4
0.125391 4
0.135693 4
0.214445 4
0.533560 1
0.191599 1
2.461401 3
0.445369 4
0.501516 3
0.199879 3
0.281613 1
0.654982 1
0.141067 1
0.243322 1
1.053990 1
28.700141 1
0.081385 1
0.184358 1
0.188354 4
0.113601 4
0.118760 4
0.267032 1
0.343252 4
0.775253 3
0.338808 3
0.327256 3
0.196919 4
0.763526 3
0.272116 4
0.620981 3
1.120249 3
0.137273 4
0.942452 3
0.530763 3
0.272919 11
0.000172 30
0.000025 62
0.003310 226
0.000193 8
0.000012 49
4.052764 1
0.090996 1
0.278208 1
0.104055 1
0.149166 1
0.016055 1
0.473761 11
0.004765 228
0.002496 64
0.000224 30
0.000045 62
0.002835 226
0.000165 57
3.797819 1
0.055923 1
0.069233 1
0.457350 4
0.205180 1
1.019744 11
0.004314 228
0.003014 40
0.001331 40
0.000256 30
0.000033 62
0.002485 226
0.000091 8
0.000017 49
2.547293 1
0.090297 1
0.117819 1
0.429151 1
0.065952 1
0.071465 1
0.210294 11
0.004471 228
0.002171 5
0.000165 92
0.002792 226
0.000142 57
54.172295 1
0.270226 1
1.617062 1
0.064119 1
0.232115 1
0.122855 1
0.162608 1
0.099071 1
0.135273 1
1.403483 1
1.384707 1
0.076569 1
0.173523 1
0.115078 1
0.089681 1
0.076978 1
0.107048 1
0.176323 1
0.058771 1
0.127470 1
0.155504 1
0.138030 1
0.391961 1
0.182444 1
0.245452 1
0.767231 1
1.348957 1
0.177721 1
0.200122 1
0.161084 1
0.148546 1
0.231647 1
0.628606 1
0.271151 1
0.137123 1
0.089191 1
0.182665 1
0.182128 1
1.782675 11
0.000205 30
0.000045 62
0.003370 226
0.000165 57
0.251895 1
0.216975 1
0.295988 1
0.088568 1
0.155407 1
0.118064 1
0.131647 1
0.072426 1
0.106737 1
0.102551 1
0.171541 1
0.046252 1
0.185681 1
0.136939 1
0.114963 1
0.075497 1
0.255701 1
0.217320 1
0.071650 1
0.060157 1
0.248421 1
0.153713 1
0.156462 1
0.081978 1
0.327566 1
0.302894 1
2.202123 1
0.154273 1
0.167980 1
0.117011 1
0.176048 1
0.142599 1
0.105683 1
0.179872 1
0.201631 1
0.219735 1
0.059528 1
0.102732 1
1.246345 1
0.077107 1
0.496383 1
0.154320 1
0.197547 1
0.528324 4
0.178617 1
0.267368 1
0.152287 1
0.238814 1
0.225321 1
0.281722 1
0.097198 1
0.162945 1
0.192694 1
0.405415 1
0.360830 1
2.343761 1
0.570753 1
0.038883 1
0.039605 1
0.040603 1
0.040378 1
0.039334 1
0.040163 1
0.039876 1
0.040212 1
0.039684 1
0.040326 1
0.039917 1
0.040134 1
0.197889 1
0.340026 5
0.313471 5
4.454234 5
0.394131 5
0.251980 5
1.519107 5
1.350498 5
0.468573 5
0.566482 5
0.750788 5
0.463285 5
0.590681 45
1.228991 1
0.164649 1
1.108218 1
0.135011 1
0.536209 1
0.615329 1
0.464807 1
1.131920 1
0.377134 1
0.222456 1
0.770534 1
0.422291 11
0.000162 30
0.000046 62
0.003173 226
0.000139 8
0.000014 49
0.517513 11
0.000143 30
0.000043 62
0.003364 226
0.000152 57
1.910876 1
0.048420 1
0.140301 1
0.254257 1
0.113154 1
0.088969 11
0.004104 228
0.001986 11
0.000138 30
0.000097 62
0.002614 226
0.000158 8
0.000014 49
0.495640 1
0.127826 1
0.615134 1
0.106702 1
0.713353 1
0.327948 1
0.927631 11
0.004238 228
0.004094 855
0.000223 30
0.000035 62
0.002622 226
0.000096 8
0.000008 49
81.717762 1
0.168898 1
6.217458 1
0.146949 1
0.380097 4
0.079190 1
0.152840 1
0.153461 1
0.087927 1
0.372346 1
0.449715 1
0.125082 1
2.013798 1
0.690179 1
30.582329 1
0.211365 1
0.679958 1
0.698212 1
7.338460 11
0.000180 30
0.000046 62
0.003311 226
0.000181 8
0.000049 49
1.814632 1
0.232399 1
0.146328 1
1.476704 1
0.163737 1
0.197331 1
0.395103 1
0.267728 1
0.283683 1
0.639135 1
1.695936 1
0.486016 1
0.656383 1
1.243662 1
1.256608 1
4.146010 1
0.159366 1
0.221837 1
0.131994 1
0.159195 1
0.251637 1
0.219223 1
1.408256 1
0.152660 1
0.123321 1
0.119605 1
0.104940 1
0.391904 11
0.000156 30
0.000038 62
0.003425 226
0.000170 57
40.913970 1
0.194974 1
0.334281 1
0.123853 1
0.165804 1
0.100734 1
0.262971 1
0.350484 1
0.094929 1
0.135676 1
0.244361 1
0.368322 1
0.338956 1
0.083273 1
0.485148 1
0.352045 4
0.126937 4
0.143857 4
0.322511 1
1.264076 1
0.291198 1
0.063437 1
0.148663 1
0.249000 1
0.103218 1
0.157492 1
0.068609 1
0.205035 1
0.126937 1
0.095058 1
0.262121 11
0.000163 30
0.000010 62
0.003349 226
0.000187 57
8.930460 1
0.097429 1
0.090956 1
0.121908 1
0.822388 1
0.292481 1
0.142227 1
0.130293 1
0.099987 11
0.004244 228
0.001184 35
0.000032 52
0.000309 30
0.000043 71
0.002549 226
0.000152 8
0.000024 49
24.022673 1
0.414730 1
14.952484 4
0.118634 4
183.360767 1
0.093057 1
0.072759 1
0.814947 1
0.094174 1
0.275396 1
0.092347 1
1.502359 1
0.386917 1
0.246937 1
0.252297 1
0.216110 1
0.115650 1
0.068135 11
0.004108 228
0.000981 11
0.000181 17
0.000045 62
0.002768 205
0.000222 8
0.000019 36
7.429361 1
0.074536 1
0.272060 1
0.091340 1
0.215190 1
0.366203 1
0.111164 1
0.106753 1
2.282394 2
0.000017 9
0.004605 207
0.007410 961
0.000014 92
0.000312 17
0.000054 62
0.002573 205
0.000184 8
0.000015 36
20.606475 8
0.341125 1
0.610582 3
0.141246 2
0.000015 9
0.004227 207
0.001497 90
0.000012 42
0.000293 17
0.000041 71
0.002884 205
0.000109 8
0.000023 36
2.501981 9
0.112148 7
0.459970 11
0.004190 207
0.004842 859
0.000014 194
0.000318 17
0.000056 62
0.002789 205
0.000186 44
25.282401 1
1.168198 1
4.683381 1
0.364927 1
0.600381 1
0.101383 1
0.151791 1
1.139160 1
0.168260 1
0.212597 1
0.148946 1
0.379490 1
0.399820 1
0.718769 1
0.265442 1
0.870696 1
5.251860 1
0.361200 1
0.150184 1
0.164505 1
0.201271 1
0.388284 4
0.130056 4
0.551509 1
3.375875 11
0.000134 17
0.000014 62
0.003630 205
0.000202 44
104.424644 1
0.085282 1
0.066248 1
0.114399 1
1.707478 1
0.165697 1
0.196740 1
2.070973 1
0.667339 1
0.144017 1
0.893572 1
0.072508 1
0.125040 1
0.562806 1
0.053459 1
0.140517 11
0.004038 207
0.002284 77
0.000209 17
0.000039 62
0.002703 205
0.000170 8
0.000026 36
14.923776 15
0.397282 4
0.115548 4
0.128445 4
0.150302 4
0.134977 4
0.139919 4
0.144750 4
0.442837 4
0.291898 1
0.189689 1
0.116043 1
0.072052 1
0.251369 11
0.004611 207
0.009409 10
0.000029 232
0.000008 241
0.000007 234
0.000017 258
0.000007 569
0.000007 258
0.000007 258
0.000006 276
0.000007 158
0.000008 248
0.000006 161
0.000007 241
0.000006 242
0.000007 243
0.000007 324
0.000007 161
0.000007 243
0.000007 242
0.000006 240
0.000009 240
0.000007 312
0.000007 285
0.000007 234
0.000007 317
0.000006 156
0.000006 159
0.000007 259
0.000007 166
0.000006 330
0.000007 168
0.000007 237
0.000007 236
0.000007 258
0.000007 236
0.000006 232
0.000008 271
0.000022 464
0.000012 476
0.000012 320
0.000010 399
0.000011 400
0.000010 320
0.000010 399
0.000010 240
0.000010 479
0.000010 240
0.000011 400
0.000013 399
0.000010 400
0.000010 319
0.000010 318
0.000010 482
0.000010 324
0.000011 243
0.000010 404
0.000010 324
0.000010 323
0.000011 401
0.000013 322
0.000011 491
0.000011 410
0.000010 321
0.000011 395
0.000010 318
0.000011 320
0.000010 399
0.000010 322
0.000010 330
0.000010 327
0.000010 80
0.000275 17
0.000058 62
0.002508 205
0.000096 8
0.000012 36
71.624996 11
1.271566 1
0.136867 1
0.147535 1
0.144915 1
0.533359 5
0.195030 5
0.228046 5
1.180274 5
0.427775 11
0.004756 207
0.002806 299
0.000278 17
0.000033 62
0.002553 205
0.000194 44
21.861509 1
0.077837 1
0.081764 1
0.128061 1
0.093274 1
0.080504 11
0.004387 207
0.001057 11
0.000222 17
0.000039 62
0.002314 205
0.000167 8
0.000015 36
0.660568 1
0.303681 1
0.292040 1
0.071992 1
0.109920 1
1.076257 5
0.250126 5
0.070650 5
0.078563 5
0.183508 5
0.067212 5
0.082868 5
0.181465 11
0.004296 207
0.002308 16
0.000206 17
0.000017 62
0.002710 205
0.000103 8
0.000007 36
8.560778 1
0.265666 1
0.088999 1
0.152689 1
0.110001 1
0.091808 1
0.165243 1
0.234390 1
0.918749 11
0.004554 207
0.003804 27
0.000014 17
0.000098 48
0.000060 46
0.000262 17
0.000059 62
0.002657 205
0.000112 8
0.000008 36
1.737406 8
1.411581 1
1.216959 8
0.623676 5
0.089012 5
0.090986 5
0.015994 5
0.091794 5
0.369836 11
0.004099 207
0.121859 19
3.033614 2
0.332713 231
0.003176 328
0.000022 2
0.000034 219
0.000007 65
0.026340 79
0.000035 224
0.000010 55
0.000021 2
0.000053 172
0.000009 148
0.000024 75
0.000324 222
0.000557 45
0.001787 17
0.000058 62
0.002677 205
0.000133 8
0.000013 36
139.610873 1
0.110033 1
0.414456 4
0.622816 4
0.544372 1
0.061031 1
0.085845 1
0.121240 1
0.298778 1
0.150384 1
0.142305 1
0.086826 1
1.026818 1
0.112362 1
0.106635 1
0.682382 1
0.204296 11
0.005027 207
0.001296 39
0.000079 52
0.000255 88
0.002908 205
0.000317 44
299.770419 1
0.080245 1
0.129932 1
0.527212 1
1.982159 4
0.132136 4
0.133510 4
0.138875 4
91.712679 1
0.059207 1
0.092085 1
0.549466 1
0.066253 1
0.171838 1
0.176892 1
0.242244 1
0.114603 1
0.151757 1
0.183371 1
0.142540 11
0.003614 207
0.002362 140
0.000146 17
0.000014 71
0.002563 205
0.000208 44
1.106394 11
0.325313 1
0.158944 1
0.117659 11
0.003468 207
0.002414 142
0.000208 17
0.000071 71
0.002813 205
0.000154 8
0.000016 36
1.350018 1
0.096846 1
0.101808 1
0.122891 1
0.056221 1
0.087160 1
0.192979 1
0.258950 1
0.083579 1
0.163758 1
0.155868 1
0.144085 1
0.149615 1
0.055515 2
0.000013 9
0.004134 207
0.002114 142
0.000158 17
0.000046 71
0.002853 205
0.000126 8
0.000014 36
2.690240 1
0.059414 1
0.063815 1
0.107670 1
0.064416 1
0.048586 11
0.004099 207
0.000856 11
0.000212 17
0.000058 62
0.002778 205
0.000108 8
0.000010 36
79.662802 1
0.097525 1
0.149916 1
0.191381 1
0.095335 1
0.264380 1
0.059795 1
0.102229 1
0.037777 1
0.210004 1
0.087552 1
0.101785 1
0.108321 1
0.166694 1
0.129204 1
0.073055 11
0.004304 207
0.000571 1
0.002296 61
0.667802 17
0.000020 73
0.003094 205
0.000249 44
0.000013 1
0.410783 16
0.067661 1
0.371213 4
0.555231 1
0.349803 11
0.004891 207
3.532062 17
0.000037 62
0.003183 205
0.000166 8
0.000015 36
3.979982 16
0.343590 1
0.180881 1
0.118966 1
0.085105 1
0.139442 1
0.073122 1
0.164203 1
0.104933 1
0.098673 1
0.014895 1
0.049541 1
0.396299 4
0.124070 4
0.407778 1
0.201293 2
0.000019 9
0.004608 207
0.133884 26
0.003199 142
0.005082 17
0.000067 62
0.002579 205
0.000111 8
0.000011 36
61.348874 1
0.078592 1
0.090537 1
0.147862 1
0.673473 4
2.006372 1
0.125318 1
2.497414 1
0.070537 1
0.270055 1
0.196276 1
0.058491 1
0.090110 1
0.287075 1
0.175138 1
0.151113 1
0.012095 1
1.536520 1
0.096982 1
0.256952 1
0.547276 11
0.004559 207
0.000091 30
0.000092 62
0.002911 226
0.000271 8
0.000016 49
0.361281 1
0.076664 1
0.067360 11
0.003816 228
0.001177 75
0.000212 30
0.000050 62
0.002489 226
0.000175 8
0.000014 49
5.049500 1
0.096700 1
0.016205 1
0.080219 1
0.087208 1
0.007905 11
0.003869 228
0.000931 11
0.000149 30
0.000047 62
0.002822 226
0.000224 8
0.000025 49
761.714084 1
0.199127 1
0.109660 1
0.175608 1
0.089712 1
0.244271 1
0.590626 1
0.147604 1
0.207265 1
0.185658 1
0.081719 1
0.223095 1
0.293581 1
0.262247 1
0.215959 2
0.000019 9
0.005332 228
0.001120 30
0.000044 62
0.002942 226
0.000263 8
0.000018 49
2.935553 1
0.264611 4
0.064197 1
0.146668 1
0.150493 1
0.184298 1
0.324869 1
0.376419 1
0.489132 1
0.184321 1
0.281474 1
0.685064 1
0.161023 1
0.227353 1
0.241666 1
0.213335 2
0.000014 9
0.004772 228
0.001177 20
0.000040 133
0.002132 74
0.000094 232
0.000300 30
0.000042 62
0.002885 226
0.000172 8
0.000013 49
143.146071 1
0.098570 1
0.145425 1
0.734339 1
0.403378 1
0.513004 11
0.004104 228
0.002545 845
0.000235 30
0.000015 62
0.002816 226
0.000128 57
380.346921 1
0.107973 1
0.053963 1
0.112865 1
0.064869 1
0.203026 1
0.144354 1
0.149418 1
0.175678 1
0.227213 1
0.280876 11
0.005553 228
0.001312 30
0.000034 62
0.002458 226
0.000201 57
41.710507 1
0.208242 1
0.115912 1
0.175022 1
0.131098 1
1.500942 1
0.156066 1
0.191082 1
0.208284 1
0.944296 2
0.000022 9
0.004639 228
0.001153 16
0.000039 128
0.004479 74
0.000051 52
0.000019 90
0.000006 90
0.000319 30
0.000063 62
0.002618 226
0.000158 8
0.000016 49
99.054208 1
0.087186 1
0.120090 1
0.103171 1
0.081486 1
0.151219 1
0.145421 1
0.156562 1
0.179822 1
0.185704 1
0.073803 1
2.951808 1
0.183463 1
0.234855 1
0.217181 1
2.602583 11
0.004374 228
0.001410 30
0.000039 62
0.002500 226
0.000195 57
2.653027 1
0.201187 1
0.320474 1
0.157805 1
0.119183 1
0.123303 1
0.299369 4
0.082381 1
0.133211 1
0.125110 1
0.156006 1
0.089707 1
0.244605 1
0.184186 1
0.268858 1
0.249989 1
0.060354 11
0.004166 228
0.001035 21
0.000035 128
0.001478 74
0.000019 52
0.000041 180
0.000255 30
0.000070 62
0.002663 226
0.000162 8
0.000013 49
6.330676 1
0.156231 1
0.115960 1
0.162856 1
0.109182 1
0.129022 1
0.106767 1
0.183311 1
0.187649 1
0.037821 11
0.004506 228
0.001046 16
0.000029 128
0.001430 74
0.000020 52
0.000022 180
0.000292 30
0.000053 62
0.002841 226
0.000158 8
0.000012 49
9.393703 1
0.187817 1
0.102115 1
0.188784 1
0.114208 1
0.137006 1
0.232238 11
0.004536 228
0.001038 141
0.001439 126
0.000017 180
0.000268 30
0.000058 62
0.002528 226
0.000153 8
0.000016 49
1.457762 6
0.402905 1
0.245783 11
0.004583 228
0.000981 14
0.000027 129
0.001209 74
0.000013 52
0.000042 180
0.000258 30
0.000060 62
0.002770 226
0.000126 8
0.000015 49
116.998163 1
0.076971 1
0.181894 1
0.680030 1
0.149648 1
0.195999 1
0.170558 1
0.352563 1
1.628724 1
0.097039 1
0.156686 1
0.183410 1
0.267614 1
0.106549 1
0.100347 1
0.135423 1
0.420441 11
0.004457 228
0.000954 60
0.000154 30
0.000046 71
0.002580 226
0.000243 8
0.000014 49
8.309244 1
0.073330 1
0.134315 1
0.159782 1
0.131040 1
0.188725 1
0.186775 1
0.156376 1
0.150527 1
0.239280 1
0.185974 1
0.093415 1
0.282538 1
0.065035 1
0.164094 1
0.206223 1
0.477411 1
0.098135 1
0.065893 1
0.174276 1
0.316685 11
0.004732 228
0.001055 30
0.000041 62
0.002872 226
0.000162 57
2.078883 1
0.055387 1
0.103764 11
0.004105 228
0.001184 113
0.000246 30
0.000010 62
0.002603 226
0.000118 57
4.971407 1
0.175743 1
0.108629 1
0.145212 1
0.122764 1
0.147206 1
0.083271 1
0.128561 1
0.173750 1
0.191608 1
0.107256 1
0.103205 1
0.137974 1
0.140060 11
0.003796 228
0.001054 20
0.000032 133
0.001275 74
0.000013 52
0.000010 90
0.000009 90
0.000265 30
0.000052 62
0.002757 226
0.000166 8
0.000017 49
9.430196 1
0.056777 1
0.110842 1
1.356463 1
0.089164 1
0.097724 1
0.222082 1
0.152648 1
0.168115 1
0.170159 1
0.091905 1
1.005163 1
0.161122 1
0.293572 1
0.148516 1
0.101477 1
0.086882 1
0.137273 1
0.895091 2
0.000019 9
0.004222 228
0.001198 30
0.000032 62
0.002786 226
0.000179 57
1.881776 1
0.062960 1
0.264655 11
0.004050 228
0.001220 134
0.000184 30
0.000046 62
0.002730 226
0.000172 8
0.000014 49
8.518681 1
0.199834 1
0.097718 1
0.164656 1
0.214104 1
0.255954 1
0.079156 1
0.215903 1
0.251768 1
0.187271 1
0.097522 1
0.590921 1
1.354265 2
0.000019 9
0.004431 228
0.000861 27
0.000036 132
0.001075 126
0.000021 180
0.000250 30
0.000034 62
0.002614 226
0.000112 8
0.000015 49
224.700085 1
0.201811 1
0.159897 1
0.178644 1
0.126048 1
0.270136 1
0.156532 1
0.193851 1
0.250145 1
0.235348 11
0.004773 228
0.001095 16
0.000015 128
0.001573 74
0.000025 52
0.000072 180
0.000258 30
0.000076 62
0.002584 226
0.000200 8
0.000010 49
6.326855 9
6.679004 11
1.011311 11
0.004161 228
0.001033 27
0.000055 132
0.001442 126
0.000021 180
0.000262 30
0.000068 62
0.002828 226
0.000169 8
0.000014 49
403.198586 1
0.086281 1
0.089989 1
0.070700 1
0.065436 1
0.751294 1
0.097259 1
0.138860 1
0.181242 1
0.192782 1
0.239443 1
0.108001 1
0.207351 1
0.113872 1
0.211304 1
0.090231 1
0.271098 1
0.082850 1
0.645900 1
0.500481 1
0.240655 1
0.262231 1
0.087248 1
0.144918 1
0.459647 4
0.219492 1
0.337668 1
0.134628 1
0.201282 1
0.540786 1
0.100716 1
0.533680 1
0.112434 1
1.048765 1
0.308992 1
0.181106 1
0.677428 1
0.151255 1
0.103696 1
0.191325 1
0.108330 1
0.162874 1
0.312803 1
0.090266 1
2.120774 2
0.000017 9
0.004349 228
0.125985 19
3.255074 2
0.501745 149
0.000341 92
0.002931 226
0.000215 8
0.000011 49
15.596916 1
0.106354 1
0.087313 1
0.053407 1
0.080213 1
0.423981 1
0.100537 1
0.146737 1
0.137430 1
0.218311 1
0.506651 1
0.071637 1
0.168098 1
0.215618 1
0.126108 1
0.176839 1
0.113824 1
0.314982 1
0.119607 1
0.247864 1
0.312937 1
0.432114 1
0.093138 1
0.091903 1
0.111702 1
0.090110 1
0.109844 1
1.555961 11
0.004673 228
0.329917 231
0.002163 26
0.000024 111
0.000309 64
0.000020 104
0.000086 221
0.000020 329
0.000007 105
0.000021 223
0.000014 269
0.000025 392
0.000252 434
0.000262 321
0.000021 221
0.000030 434
0.000012 172
0.000033 353
0.000061 115
0.000025 31
0.000020 28
0.000852 108
0.000270 108
0.000031 109
0.000050 112
0.000111 113
0.000022 219
0.000282 108
0.000166 108
0.000144 109
0.000297 112
0.000254 114
0.000155 112
0.000139 113
0.000440 244
0.000026 230
0.000050 118
0.000147 119
0.000040 131
0.000018 133
0.000017 131
0.000009 132
0.000029 249
0.000273 238
0.000046 119
0.000033 480
0.000150 114
0.000171 338
0.000029 218
0.000138 108
0.000064 114
0.000020 115
0.000020 120
0.000279 263
0.000009 250
0.000035 116
0.000150 123
0.000019 116
0.000406 252
0.000149 130
0.000141 131
0.000146 126
0.000145 129
0.000148 243
0.000027 116
0.000036 235
0.000047 169
0.000014 169
0.000021 312
0.000006 237
0.000039 392
0.000166 256
0.000265 117
0.000038 128
0.000714 309
0.000041 436
0.000029 291
0.000012 126
0.000012 186
0.000013 161
0.000012 155
0.000027 270
0.000025 175
0.000030 321
0.000025 252
0.000018 126
0.000017 154
0.000016 126
0.000018 155
0.000021 126
0.000019 146
0.000008 148
0.000023 126
0.000024 154
0.000021 126
0.000008 126
0.000019 126
0.000009 126
0.000019 126
0.000022 165
0.000009 152
0.000020 126
0.000017 126
0.000018 126
0.000008 126
0.000017 126
0.000017 156
0.000018 126
0.000017 158
0.000016 126
0.000008 126
0.000019 126
0.000018 153
0.000017 161
0.000017 126
0.000016 158
0.000009 171
0.000019 126
0.000020 160
0.000017 165
0.000017 164
0.000016 139
0.000017 126
0.000017 126
0.000016 126
0.000009 126
0.000016 126
0.000019 129
0.000019 126
0.000021 146
0.000009 126
0.000019 152
0.000009 153
0.000018 126
0.000017 126
0.000020 126
0.000019 126
0.000018 147
0.000017 126
0.000017 177
0.000015 126
0.000018 165
0.000009 172
0.000017 126
0.000018 162
0.000021 154
0.000020 126
0.000017 144
0.000016 144
0.000017 126
0.000008 145
0.000019 126
0.000019 156
0.000008 145
0.000017 126
0.000038 161
0.000019 270
0.000026 158
0.000009 126
0.000018 161
0.000008 126
0.000018 126
0.000008 158
0.000017 126
0.000017 154
0.000020 129
0.000008 126
0.000018 126
0.000022 166
0.000017 159
0.000009 126
0.000017 139
0.000026 176
0.000009 126
0.000019 146
0.000017 126
0.000008 126
0.000025 156
0.000017 126
0.000009 173
0.000021 153
0.000018 126
0.000017 126
0.000017 159
0.000018 126
0.000019 161
0.000024 126
0.000018 171
0.000008 154
0.000020 126
0.000018 148
0.000017 152
0.000017 126
0.000018 168
0.000018 165
0.000018 165
0.000018 168
0.000018 126
0.000018 146
0.000017 126
0.000023 168
0.000016 126
0.000008 126
0.000023 126
0.000019 158
0.000008 126
0.000022 126
0.000015 137
0.000018 126
0.000017 126
0.000018 153
0.000017 126
0.000018 176
0.000024 126
0.000022 126
0.000009 126
0.000016 144
0.000009 126
0.000020 143
0.000016 126
0.000018 176
0.000017 126
0.000015 126
0.000015 126
0.000017 144
0.000017 126
0.000019 144
0.000016 154
0.000021 141
0.000016 155
0.000017 126
0.000024 297
0.000008 161
0.000015 154
0.000009 126
0.000008 152
0.000008 126
0.000022 154
0.000009 164
0.000017 126
0.000009 147
0.000017 126
0.000008 126
0.000019 126
0.000009 126
0.000008 153
0.000016 126
0.000008 126
0.000016 158
0.000015 129
0.000009 126
0.000015 156
0.000009 126
0.000019 154
0.000008 126
0.000023 144
0.000009 126
0.000015 164
0.000009 165
0.000016 168
0.000014 126
0.000009 142
0.000017 159
0.000008 126
0.000016 148
0.000024 252
0.000008 126
0.000016 126
0.000016 161
0.000008 126
0.000019 167
0.000013 144
0.000008 126
0.000019 126
0.000008 126
0.000016 154
0.000008 126
0.000008 138
0.000021 126
0.000015 159
0.000019 174
0.000015 126
0.000021 126
0.000032 307
0.000017 126
0.000016 156
0.000008 126
0.000017 156
0.000017 126
0.000019 152
0.000019 126
0.000008 126
0.000025 126
0.000014 180
0.000018 164
0.000015 172
0.000017 126
0.000015 148
0.000016 126
0.000013 126
0.000017 126
0.000018 188
0.000009 147
0.000017 140
0.000019 126
0.000010 144
0.000018 126
0.000022 145
0.000018 140
0.000023 190
0.000020 129
0.000009 144
0.000020 126
0.000018 147
0.000017 126
0.000019 144
0.000009 165
0.000017 126
0.000020 126
0.000009 139
0.000010 136
0.000027 147
0.000017 126
0.000020 140
0.000009 126
0.000021 129
0.000018 126
0.000010 147
0.000024 126
0.000010 153
0.000021 129
0.000021 126
0.000018 126
0.000018 126
0.000018 126
0.000018 176
0.000017 146
0.000022 176
0.000022 159
0.000018 158
0.000016 126
0.000027 180
0.000243 1753
0.000010 291
0.000037 158
0.000008 156
0.000024 147
0.000006 126
0.000031 241
0.000169 120
0.000025 246
0.000022 245
0.000187 118
0.000014 236
0.000177 465
0.000156 112
0.000013 118
0.000154 242
0.000025 123
0.000262 130
0.000032 385
0.000374 126
0.000009 245
0.000038 118
0.000011 116
0.000025 115
0.000166 245
0.000010 110
0.000021 230
0.000279 124
0.000134 125
0.000139 123
0.000146 124
0.000145 239
0.000032 114
0.000016 122
0.000009 227
0.000041 125
0.000017 244
0.000018 126
0.000017 127
0.000040 127
0.000045 254
0.000035 242
0.000017 117
0.000370 398
0.000483 243
0.000153 127
0.000028 387
0.000149 244
0.000270 137
0.000008 131
0.000019 137
0.000009 137
0.000024 254
0.000009 251
0.000177 377
0.000157 377
0.000165 375
0.000166 267
0.000012 125
0.000019 249
0.000158 249
0.000012 131
0.000027 254
0.000022 256
0.000023 261
0.000007 247
0.000181 247
0.000024 248
0.000024 257
0.000006 242
0.000173 488
0.000026 129
0.000150 125
0.000159 143
0.000012 136
0.000011 144
0.000013 134
0.000023 281
0.000022 290
0.000012 289
0.000018 135
0.000013 136
0.000012 144
0.000009 132
0.000014 134
0.000012 128
0.000006 132
0.000014 131
0.000018 266
0.000011 148
0.000006 144
0.000019 255
0.000006 113
0.000016 115
0.000019 116
0.000015 116
0.000159 121
0.000013 241
0.000006 108
0.000052 228
0.000012 231
0.000006 113
0.000021 225
0.000006 228
0.000017 225
0.000006 113
0.000011 113
0.000011 222
0.000022 230
0.000010 229
0.000014 232
0.000016 229
0.000017 223
0.000013 227
0.000013 228
0.000006 115
0.000006 112
0.000010 111
0.000006 113
0.000006 115
0.000010 111
0.000006 115
0.000015 224
0.000006 115
0.000017 231
0.000017 229
0.000013 226
0.000006 113
0.000015 230
0.000016 222
0.000014 224
0.000007 112
0.000005 113
0.000006 115
0.000028 230
0.000010 114
0.000006 227
0.000014 116
0.000011 225
0.000161 109
0.001360 491
0.000010 175
0.000111 319
0.000028 350
0.000110 358
0.000010 309
0.000025 175
0.000145 309
0.000151 491
0.000009 175
0.000016 175
0.000015 175
0.000009 175
0.000016 175
0.000158 178
0.000016 307
0.000016 175
0.000151 485
0.000152 491
0.000146 178
0.000021 482
0.000018 175
0.000012 175
0.000011 175
0.000025 350
0.000142 176
0.000005 176
0.000020 303
0.000007 175
0.000012 175
0.000006 241
0.000515 374
0.000151 257
0.000134 119
0.000647 148
0.000009 148
0.000020 281
0.000246 148
0.000020 148
0.000007 281
0.000267 296
0.000016 281
0.000272 294
0.000009 276
0.000166 304
0.000010 289
0.000164 296
0.000009 281
0.000161 278
0.000009 263
0.000163 290
0.000009 282
0.000176 300
0.000018 285
0.000202 293
0.000010 279
0.000267 292
0.000010 277
0.000321 292
0.000009 274
0.000168 292
0.000009 276
0.000169 296
0.000010 281
0.000146 146
0.000026 423
0.000141 147
0.000020 426
0.000147 138
0.000025 396
0.000147 146
0.000022 422
0.000154 145
0.000009 148
0.000009 281
0.000025 135
0.000158 293
0.000011 281
0.000150 142
0.000011 142
0.000014 269
0.000190 153
0.000012 153
0.000011 288
0.000475 578
0.000043 146
0.000022 146
0.000007 274
0.000145 146
0.000012 146
0.000018 276
0.000143 148
0.000010 148
0.000022 281
0.000142 146
0.000022 423
0.000154 292
0.000011 276
0.000156 294
0.000012 279
0.000155 147
0.000011 147
0.000018 278
0.000150 292
0.000013 277
0.000015 137
0.000146 147
0.000010 147
0.000015 276
0.000151 149
0.000025 432
0.000150 148
0.000023 429
0.000151 143
0.000022 414
0.000159 142
0.000012 142
0.000012 269
0.000141 147
0.000012 147
0.000011 278
0.000151 146
0.000020 420
0.000150 148
0.000019 148
0.000009 281
0.000140 144
0.000019 144
0.000007 273
0.000140 144
0.000014 144
0.000006 270
0.000141 143
0.000016 143
0.000011 271
0.000145 146
0.000007 146
0.000017 277
0.000149 147
0.000012 147
0.000006 278
0.000147 146
0.000025 422
0.000141 143
0.000025 414
0.000142 147
0.000013 147
0.000011 279
0.000160 294
0.000008 278
0.000015 136
0.000144 148
0.000012 148
0.000017 281
0.000143 142
0.000023 408
0.000137 147
0.000020 426
0.000145 145
0.000020 145
0.000007 282
0.000147 143
0.000025 414
0.000156 306
0.000021 288
0.000142 153
0.000012 153
0.000020 288
0.000137 146
0.000006 146
0.000022 277
0.000141 146
0.000011 146
0.000013 276
0.000150 148
0.000012 148
0.000014 281
0.000143 145
0.000013 145
0.000018 280
0.000155 139
0.000024 402
0.000160 153
0.000008 153
0.000008 291
0.000152 145
0.000022 425
0.000007 125
0.000015 127
0.000017 244
0.000518 268
0.000151 294
0.000143 290
0.000141 290
0.000146 308
0.000161 414
0.000280 383
0.000544 171
0.000016 170
0.000009 165
0.000026 350
0.000013 162
0.000023 344
0.000017 162
0.000025 333
0.000009 171
0.000034 350
0.000012 176
0.000034 323
0.000012 325
0.000029 327
0.000010 170
0.000027 351
0.000011 168
0.000039 347
0.000013 156
0.000011 192
0.000010 161
0.000028 351
0.000010 170
0.000028 350
0.000021 314
0.000012 159
0.000028 328
0.000012 184
0.000025 327
0.000011 177
0.000026 319
0.000010 162
0.000026 336
0.000011 163
0.000030 336
0.000012 177
0.000021 357
0.000012 162
0.000023 167
0.000021 366
0.000010 184
0.000027 343
0.000023 365
0.000012 165
0.000026 365
0.000012 184
0.000027 331
0.000010 167
0.000022 331
0.000016 186
0.000022 356
0.000011 159
0.000021 336
0.000026 317
0.000010 157
0.000027 344
0.000012 159
0.002987 162
0.000027 4095
0.000209 4095
0.000119 4095
0.000109 4095
0.000114 4095
0.000011 443
0.000067 136
0.000018 138
0.000010 140
0.000035 135
0.000020 279
0.000030 137
0.000008 140
0.000020 141
0.000029 141
0.000009 141
0.000026 141
0.000009 138
0.000022 138
0.000025 142
0.000008 139
0.000031 139
0.000008 138
0.000017 137
0.000017 139
0.000038 144
0.000018 136
0.000025 137
0.000021 138
0.000043 140
0.000018 136
0.000013 138
0.000031 139
0.000018 139
0.000023 140
0.000060 131
0.000017 129
0.000020 133
0.000020 134
0.000158 135
0.000016 140
0.000018 135
0.000020 264
0.000020 127
0.000027 131
0.000025 129
0.000012 127
0.000025 130
0.000017 133
0.000020 128
0.000042 131
0.000016 127
0.000018 131
0.000147 139
0.000018 138
0.000014 143
0.000013 143
0.000018 136
0.000021 139
0.000019 138
0.000016 267
0.000214 139
0.000023 142
0.000019 145
0.000017 139
0.000022 138
0.000018 138
0.000019 138
0.000019 142
0.000018 138
0.000030 140
0.000019 136
0.000015 141
0.000158 156
0.000020 149
0.000006 150
0.000020 147
0.000020 154
0.000029 149
0.000018 149
0.000016 147
0.000006 149
0.000023 150
0.000017 150
0.000018 294
0.000042 139
0.000030 144
0.000027 141
0.000016 137
0.000018 140
0.000019 140
0.000017 138
0.000026 144
0.000021 142
0.000029 139
0.000020 143
0.000017 142
0.000018 136
0.000017 140
0.000169 151
0.000007 151
0.000024 297
0.000205 150
0.000016 152
0.000013 144
0.000017 147
0.000017 149
0.000018 147
0.000006 149
0.000026 283
0.000023 140
0.000027 138
0.000026 139
0.000037 139
0.000018 137
0.000025 139
0.000026 138
0.000029 144
0.000037 139
0.000019 139
0.000019 144
0.000045 146
0.000018 142
0.000017 145
0.000017 141
0.000038 145
0.000018 141
0.000017 141
0.000021 141
0.000016 140
0.000034 138
0.000025 141
0.000036 140
0.000067 139
0.000057 137
0.000018 144
0.000016 142
0.000018 138
0.000028 143
0.000036 143
0.000018 140
0.000017 138
0.000042 140
0.000081 141
0.000018 137
0.000020 142
0.000024 138
0.000020 143
0.000026 141
0.000026 146
0.000022 145
0.000033 141
0.000029 142
0.000158 151
0.000006 140
0.000025 142
0.000018 141
0.000032 144
0.000014 141
0.000032 141
0.000018 138
0.000017 136
0.000017 139
0.000027 139
0.000019 137
0.000029 143
0.000023 145
0.000022 138
0.000069 131
0.000017 132
0.000155 130
0.000035 129
0.000018 131
0.000020 135
0.000039 127
0.000038 127
0.000228 126
0.000280 129
0.000233 273
0.000030 140
0.000012 137
0.000014 139
0.000017 140
0.000019 139
0.000033 139
0.000017 141
0.000018 135
0.000023 139
0.000024 136
0.000026 138
0.000019 137
0.000018 137
0.000016 137
0.000026 140
0.000053 139
0.000023 138
0.000034 136
0.000031 140
0.000017 135
0.000016 138
0.000044 138
0.000059 141
0.000026 140
0.000019 136
0.000032 138
0.000018 137
0.000027 142
0.000015 138
0.000031 137
0.000021 130
0.000016 131
0.000181 141
0.000010 141
0.000018 142
0.000017 140
0.000025 141
0.000035 144
0.000015 140
0.000013 140
0.000021 273
0.000194 133
0.000016 134
0.000024 133
0.000016 133
0.000026 133
0.000019 133
0.000017 133
0.000017 134
0.000026 134
0.000019 133
0.000018 133
0.000021 133
0.000026 133
0.000026 133
0.000024 133
0.000016 133
0.000016 133
0.000015 133
0.000016 134
0.000018 133
0.000018 133
0.000016 133
0.000021 134
0.000025 134
0.000011 134
0.000028 261
0.000195 137
0.000014 140
0.000017 136
0.000052 134
0.000016 135
0.000018 137
0.000016 142
0.000021 140
0.000015 139
0.000024 137
0.000016 139
0.000016 137
0.000036 136
0.000019 137
0.000016 137
0.000019 136
0.000018 135
0.000019 138
0.000016 134
0.000020 136
0.000032 135
0.000025 138
0.000025 134
0.000020 133
0.000018 134
0.000015 133
0.000015 138
0.000016 142
0.000036 134
0.000016 136
0.000015 136
0.000019 135
0.000017 141
0.000025 136
0.000016 136
0.000015 138
0.000027 136
0.000019 135
0.000016 136
0.000039 136
0.000014 133
0.000016 134
0.000016 133
0.000020 135
0.000016 135
0.000050 133
0.000023 133
0.000026 138
0.000016 136
0.000015 134
0.000028 136
0.000019 135
0.000016 137
0.000018 137
0.000018 136
0.000016 135
0.000019 137
0.000017 138
0.000019 135
0.000014 134
0.000016 135
0.000029 136
0.000059 140
0.000016 137
0.000025 138
0.000047 128
0.000202 135
0.000024 138
0.000017 139
0.000023 139
0.000027 136
0.000018 141
0.000055 139
0.000015 143
0.000043 141
0.000075 139
0.000067 137
0.000065 139
0.000041 139
0.000025 139
0.000026 136
0.000029 139
0.000020 129
0.000052 141
0.000176 140
0.000017 137
0.000016 139
0.000016 140
0.000018 144
0.000035 143
0.000015 145
0.000023 139
0.000018 142
0.000045 138
0.000054 274
0.000167 137
0.000019 139
0.000041 140
0.000040 129
0.000172 130
0.000027 258
0.000006 114
0.000070 234
0.000011 116
0.000011 119
0.000010 119
0.000024 233
0.000011 120
0.000005 120
0.000026 236
0.000015 121
0.000006 117
0.000016 119
0.000022 240
0.000010 115
0.000036 240
0.000014 236
0.000011 120
0.000019 235
0.000016 123
0.000023 235
0.000020 254
0.000024 238
0.000626 256
0.000023 118
0.000020 231
0.000376 127
0.000167 383
0.000165 132
0.000007 137
0.000018 129
0.000022 376
0.000173 507
0.000023 250
0.000016 122
0.000020 126
0.000525 158
0.000017 154
0.000018 157
0.000015 156
0.000018 156
0.000014 162
0.000023 150
0.000015 163
0.000018 150
0.000016 156
0.000011 156
0.000020 150
0.000020 148
0.000024 394
0.000019 134
0.000021 128
0.000016 127
0.000017 121
0.000021 124
0.000016 128
0.000026 132
0.000015 122
0.000016 125
0.000023 132
0.000016 129
0.000019 133
0.000017 124
0.000025 127
0.000015 120
0.000016 121
0.000020 134
0.000019 134
0.000016 121
0.000018 129
0.000019 123
0.000016 121
0.000020 137
0.000019 132
0.000019 125
0.000016 136
0.000016 121
0.000021 128
0.000020 128
0.000025 135
0.000020 132
0.000015 130
0.000019 131
0.000020 134
0.000016 133
0.000021 137
0.000019 256
0.000025 123
0.000016 126
0.000021 129
0.000018 127
0.000018 121
0.000019 131
0.000019 129
0.000028 249
0.000022 123
0.000016 130
0.000022 131
0.000019 130
0.000020 122
0.000019 127
0.000020 135
0.000016 129
0.000020 131
0.000018 127
0.000015 130
0.000017 128
0.000020 126
0.000018 134
0.000019 134
0.000017 131
0.000018 129
0.000017 131
0.000017 127
0.000017 127
0.000021 130
0.000015 125
0.000021 132
0.000016 120
0.000024 131
0.000017 121
0.000019 123
0.000015 126
0.000023 132
0.000016 128
0.000018 129
0.000018 127
0.000015 123
0.000019 132
0.000018 126
0.000018 132
0.000018 126
0.000016 130
0.000020 128
0.000015 129
0.000006 126
0.000023 122
0.000020 135
0.000020 122
0.000020 122
0.000018 125
0.000017 129
0.000017 122
0.000018 134
0.000018 126
0.000017 124
0.000019 123
0.000021 130
0.000023 132
0.000021 122
0.000028 128
0.000019 130
0.000020 139
0.000029 245
0.000017 122
0.000019 129
0.000016 123
0.000020 133
0.000015 131
0.000022 129
0.000017 128
0.000016 121
0.000017 122
0.000020 133
0.000018 128
0.000017 126
0.000016 120
0.000017 131
0.000022 126
0.000017 133
0.000019 126
0.000015 125
0.000018 125
0.000017 127
0.000019 132
0.000015 122
0.000023 126
0.000019 136
0.000016 122
0.000018 130
0.000020 132
0.000019 127
0.000017 122
0.000019 134
0.000017 127
0.000018 122
0.000023 254
0.000006 133
0.000026 129
0.000020 135
0.000006 111
0.000119 231
0.000016 121
0.000015 114
0.000011 115
0.000026 230
0.000013 118
0.000011 115
0.000011 114
0.000007 116
0.000021 114
0.000012 117
0.000006 114
0.000038 235
0.000010 115
0.000015 112
0.000010 115
0.000011 115
0.000020 230
0.000010 114
0.000007 115
0.000018 117
0.000012 116
0.000015 113
0.000013 114
0.000012 230
0.000025 234
0.000017 228
0.000010 116
0.000007 118
0.000020 118
0.000010 114
0.000011 116
0.000006 118
0.000017 117
0.000011 117
0.000011 117
0.000017 232
0.000017 113
0.000010 118
0.000011 113
0.000010 115
0.000017 233
0.000018 119
0.000015 120
0.000011 121
0.000006 113
0.000025 233
0.000006 115
0.000019 115
0.000006 119
0.000014 115
0.000006 113
0.000020 116
0.000006 118
0.000011 116
0.000016 112
0.000011 112
0.000011 114
0.000011 115
0.000021 227
0.000006 117
0.000015 116
0.000016 112
0.000006 116
0.000015 114
0.000017 117
0.000011 112
0.000011 115
0.000005 115
0.000026 227
0.000006 112
0.000014 112
0.000012 113
0.000015 117
0.000010 114
0.000011 116
0.000026 119
0.000006 114
0.000013 114
0.000017 237
0.000014 233
0.000035 230
0.000006 115
0.000038 230
0.000022 228
0.000005 117
0.000020 113
0.000006 114
0.000014 114
0.000006 112
0.000026 225
0.000006 116
0.000015 117
0.000024 231
0.000010 116
0.000007 114
0.000017 115
0.000010 115
0.000006 114
0.000015 115
0.000014 117
0.000012 112
0.000024 228
0.000013 113
0.000014 116
0.000020 235
0.000011 115
0.000006 112
0.000039 239
0.000006 115
0.000027 232
0.000010 117
0.000024 228
0.000035 232
0.000006 115
0.000022 114
0.000005 118
0.000022 117
0.000018 120
0.000015 120
0.000012 123
0.000023 119
0.000018 123
0.000017 116
0.000018 119
0.000016 116
0.000023 120
0.000016 124
0.000015 118
0.000015 117
0.000017 122
0.000017 123
0.000017 120
0.000015 116
0.000019 123
0.000017 120
0.000017 120
0.000006 112
0.000021 107
0.000419 116
0.000144 114
0.000141 226
0.000286 123
0.000060 379
0.000017 232
0.000155 229
0.000160 117
0.000142 117
0.000032 363
0.000183 338
0.000053 111
0.000049 224
0.000019 221
0.000010 113
0.000006 114
0.000014 115
0.000017 219
0.000019 223
0.000015 114
0.000010 108
0.000011 114
0.000020 224
0.000011 111
0.000005 111
0.000034 223
0.000014 220
0.000006 111
0.000014 110
0.000020 221
0.000006 109
0.000019 113
0.000007 110
0.000015 113
0.000019 219
0.000010 108
0.000011 119
0.000010 114
0.000011 110
0.000010 110
0.000012 111
0.000018 219
0.000026 222
0.000017 231
0.000024 226
0.000017 221
0.000013 110
0.000017 223
0.000016 219
0.000027 221
0.000020 218
0.000006 111
0.000027 335
0.000006 116
0.000020 222
0.000011 111
0.000010 108
0.000023 223
0.000021 223
0.000011 114
0.000015 222
0.000022 224
0.000010 110
0.000022 220
0.000018 216
0.000013 116
0.000026 220
0.000068 304
0.000013 305
0.000013 248
0.000021 103
0.000347 108
0.000265 108
0.000159 109
0.000474 112
0.000018 113
0.000149 219
0.000158 108
0.000161 108
0.000133 109
0.000297 112
0.000254 114
0.000142 112
0.000145 113
0.000285 244
0.000024 230
0.000186 118
0.000148 119
0.000260 131
0.000132 133
0.000128 131
0.000126 132
0.000123 249
0.000311 238
0.000044 369
0.000011 112
0.000262 114
0.000319 116
0.000138 119
0.000163 337
0.000277 341
0.000132 108
0.000068 114
0.000026 115
0.000027 120
0.000264 134
0.000012 128
0.000019 129
0.000015 250
0.000031 116
0.000261 123
0.000028 116
0.000385 252
0.000142 130
0.000139 131
0.000138 126
0.000137 129
0.000135 243
0.000030 116
0.000576 117
0.000011 118
0.000383 169
0.000007 169
0.000014 169
0.000027 169
0.000019 169
0.000017 255
0.000027 125
0.000264 392
0.000169 256
0.000260 117
0.000151 128
0.001263 138
0.000008 171
0.000020 126
0.000028 154
0.000014 161
0.000016 126
0.000017 165
0.000015 126
0.000023 186
0.000016 161
0.000016 144
0.000015 126
0.000039 334
0.000028 162
0.000015 126
0.000018 126
0.000019 126
0.000019 154
0.000012 126
0.000017 126
0.000019 146
0.000017 154
0.000020 126
0.000016 126
0.000019 126
0.000015 126
0.000016 126
0.000017 165
0.000027 152
0.000017 126
0.000009 126
0.000024 126
0.000009 126
0.000023 126
0.000015 156
0.000020 126
0.000018 158
0.000015 126
0.000021 126
0.000017 153
0.000015 161
0.000016 126
0.000017 158
0.000015 171
0.000016 126
0.000019 160
0.000017 165
0.000021 164
0.000017 139
0.000015 126
0.000018 126
0.000018 126
0.000017 126
0.000018 126
0.000015 126
0.000016 126
0.000015 129
0.000016 126
0.000019 146
0.000017 126
0.000017 147
0.000020 152
0.000015 153
0.000020 126
0.000015 126
0.000016 126
0.000015 126
0.000017 147
0.000033 303
0.000018 165
0.000018 172
0.000017 126
0.000020 162
0.000008 154
0.000018 144
0.000025 144
0.000015 126
0.000021 145
0.000016 126
0.000015 156
0.000017 145
0.000018 126
0.000017 126
0.000022 161
0.000017 126
0.000020 144
0.000022 158
0.000017 161
0.000019 126
0.000008 126
0.000024 158
0.000015 126
0.000009 154
0.000022 129
0.000015 126
0.000009 126
0.000020 166
0.000019 159
0.000014 126
0.000015 139
0.000015 126
0.000017 176
0.000018 126
0.000016 126
0.000019 126
0.000020 126
0.000022 173
0.000018 153
0.000017 126
0.000016 126
0.000017 159
0.000018 126
0.000017 161
0.000018 126
0.000016 171
0.000021 154
0.000015 126
0.000018 148
0.000019 152
0.000016 147
0.000016 126
0.000019 168
0.000017 155
0.000020 165
0.000017 165
0.000016 168
0.000018 148
0.000018 126
0.000018 146
0.000020 126
0.000018 168
0.000017 126
0.000020 126
0.000021 158
0.000015 126
0.000018 126
0.000018 137
0.000017 126
0.000017 126
0.000020 153
0.000016 126
0.000018 126
0.000020 176
0.000020 126
0.000017 126
0.000019 126
0.000017 172
0.000017 144
0.000018 126
0.000019 143
0.000017 126
0.000019 176
0.000021 126
0.000016 126
0.000016 126
0.000015 126
0.000016 144
0.000015 126
0.000018 126
0.000016 144
0.000020 154
0.000022 141
0.000018 155
0.000013 126
0.000018 126
0.000016 126
0.000020 171
0.000017 161
0.000016 154
0.000019 126
0.000018 152
0.000017 126
0.000018 154
0.000019 164
0.000016 126
0.000023 147
0.000015 126
0.000015 126
0.000018 126
0.000015 126
0.000017 172
0.000018 153
0.000018 126
0.000016 126
0.000018 158
0.000016 129
0.000016 126
0.000019 126
0.000017 154
0.000022 126
0.000011 144
0.000023 126
0.000018 164
0.000016 165
0.000018 168
0.000017 142
0.000018 159
0.000016 126
0.000024 146
0.000023 126
0.000018 126
0.000018 126
0.000019 126
0.000017 167
0.000017 144
0.000017 126
0.000018 126
0.000015 126
0.000018 154
0.000016 126
0.000018 138
0.000017 126
0.000022 159
0.000018 174
0.000020 126
0.000016 126
0.000018 181
0.000023 126
0.000016 126
0.000017 156
0.000017 126
0.000023 156
0.000015 126
0.000017 152
0.000017 126
0.000017 126
0.000017 126
0.000018 180
0.000019 164
0.000019 172
0.000017 126
0.000015 126
0.000018 126
0.000017 126
0.000018 188
0.000017 147
0.000016 126
0.000016 140
0.000015 126
0.000015 144
0.000015 126
0.000016 145
0.000016 140
0.000015 156
0.000021 190
0.000022 129
0.000016 144
0.000015 126
0.000015 147
0.000018 126
0.000014 144
0.000016 165
0.000017 126
0.000016 126
0.000019 139
0.000016 136
0.000019 147
0.000016 126
0.000022 140
0.000015 126
0.000018 129
0.000017 126
0.000016 147
0.000016 126
0.000018 153
0.000018 129
0.000016 126
0.000021 126
0.000018 176
0.000016 146
0.000017 148
0.000017 176
0.000018 159
0.000023 158
0.000016 126
0.000018 180
0.000016 139
0.000017 158
0.000019 126
0.000015 172
0.000018 165
0.000017 126
0.000017 126
0.000016 158
0.000017 144
0.000018 126
0.000019 148
0.000017 126
0.000018 165
0.000017 158
0.000021 147
0.000017 126
0.000015 155
0.000020 241
0.000156 120
0.000020 128
0.000019 118
0.000265 120
0.000015 123
0.000015 242
0.000026 245
0.000170 118
0.000020 236
0.000172 465
0.000258 112
0.000026 118
0.000159 242
0.000031 123
0.000162 130
0.000020 125
0.000014 260
0.000389 371
0.000032 118
0.000023 116
0.000023 115
0.000164 245
0.000021 110
0.000149 115
0.000028 114
0.000028 119
0.000279 124
0.000136 125
0.000143 123
0.000133 124
0.000135 239
0.000292 362
0.000035 114
0.000017 122
0.000031 120
0.000021 227
0.000047 125
0.000014 244
0.000028 126
0.000016 127
0.000028 127
0.000025 254
0.000022 242
0.000013 117
0.000409 398
0.000407 243
0.000158 127
0.000015 136
0.000028 251
0.000164 244
0.000269 137
0.000017 131
0.000018 137
0.000014 137
0.000016 124
0.000024 130
0.000017 251
0.000166 125
0.000015 252
0.000166 377
0.000164 133
0.000014 242
0.000163 133
0.000011 134
0.000017 125
0.000020 249
0.000163 126
0.000014 123
0.000026 131
0.000015 126
0.000020 130
0.000021 126
0.000015 126
0.000017 135
0.000016 247
0.000165 125
0.000016 125
0.000016 125
0.000015 123
0.000025 132
0.000014 242
0.000168 129
0.000014 242
0.000006 117
0.000027 129
0.000273 125
0.000165 140
0.000016 136
0.000023 141
0.000016 134
0.000006 134
0.000025 144
0.000014 144
0.000019 140
0.000019 136
0.000016 135
0.000015 136
0.000011 141
0.000023 132
0.000057 134
0.000018 523
0.000013 134
0.000021 145
0.000013 141
0.000026 369
0.000025 115
0.000021 116
0.000805 224
0.000056 4095
0.000012 2940
0.000198 109
0.000529 180
0.000007 311
0.000033 175
0.000022 175
0.000025 175
0.000150 179
0.000012 179
0.000023 309
0.000011 175
0.000156 309
0.000153 180
0.000020 311
0.000016 175
0.000018 175
0.000018 175
0.000020 175
0.000016 175
0.000162 178
0.000016 307
0.000020 175
0.000158 178
0.000022 307
0.000167 180
0.000015 311
0.000145 178
0.000011 307
0.000012 175
0.000022 175
0.000011 175
0.000018 175
0.000016 175
0.000144 176
0.000011 176
0.000021 303
0.000020 175
0.000022 416
0.000506 374
0.000268 257
0.000139 119
0.000544 148
0.000016 148
0.000019 281
0.000258 296
0.000015 281
0.000266 296
0.000011 281
0.000278 294
0.000017 276
0.000165 152
0.000016 152
0.000009 289
0.000290 296
0.000016 281
0.000270 139
0.000030 402
0.000157 145
0.000036 427
0.000173 300
0.000009 285
0.000151 146
0.000019 147
0.000013 279
0.000159 146
0.000011 146
0.000021 277
0.000264 146
0.000011 146
0.000020 274
0.000168 146
0.000006 146
0.000022 276
0.000156 148
0.000024 293
0.000012 136
0.000144 146
0.000024 146
0.000011 277
0.000157 147
0.000022 291
0.000006 135
0.000154 138
0.000028 396
0.000147 146
0.000013 146
0.000006 276
0.000159 145
0.000007 148
0.000019 281
0.000017 135
0.000159 145
0.000006 148
0.000021 281
0.000155 142
0.000012 142
0.000019 269
0.000159 153
0.000010 153
0.000018 288
0.000155 148
0.000014 148
0.000015 282
0.000155 146
0.000007 146
0.000024 274
0.000155 146
0.000011 146
0.000019 276
0.000148 148
0.000020 148
0.000015 281
0.000146 146
0.000017 146
0.000015 277
0.000145 146
0.000018 146
0.000013 276
0.000152 147
0.000022 291
0.000012 135
0.000158 147
0.000014 147
0.000018 278
0.000149 146
0.000012 146
0.000017 277
0.000017 137
0.000151 147
0.000012 147
0.000022 276
0.000156 149
0.000011 149
0.000021 283
0.000149 148
0.000012 148
0.000018 281
0.000153 143
0.000014 143
0.000016 271
0.000210 284
0.000007 269
0.000284 294
0.000007 278
0.000213 146
0.000013 146
0.000016 274
0.000163 148
0.000008 148
0.000018 281
0.000159 144
0.000013 144
0.000016 273
0.000160 144
0.000012 144
0.000020 270
0.000154 143
0.000011 143
0.000012 271
0.000164 146
0.000012 146
0.000033 277
0.000148 294
0.000018 278
0.000175 292
0.000012 276
0.000173 286
0.000015 271
0.000147 147
0.000023 291
0.000012 135
0.000157 294
0.000012 278
0.000017 136
0.000156 148
0.000011 148
0.000023 281
0.000154 142
0.000018 278
0.000006 130
0.000158 147
0.000032 426
0.000144 145
0.000011 145
0.000020 282
0.000142 143
0.000006 143
0.000021 271
0.000148 153
0.000014 153
0.000020 288
0.000144 153
0.000011 153
0.000015 288
0.000181 146
0.000018 146
0.000017 277
0.000164 146
0.000018 146
0.000014 276
0.000160 148
0.000017 148
0.000026 281
0.000147 145
0.000018 145
0.000019 280
0.000150 139
0.000006 139
0.000025 263
0.000160 153
0.000008 153
0.000022 291
0.000156 145
0.000006 145
0.000025 280
0.000016 125
0.000012 127
0.000027 244
0.000719 268
0.000155 294
0.000156 290
0.000160 308
0.000162 414
0.000291 383
0.000554 171
0.000019 163
0.000017 170
0.000017 168
0.000016 165
0.000017 174
0.000017 176
0.000033 327
0.000025 179
0.000017 162
0.000016 159
0.000029 174
0.000017 171
0.000017 173
0.000017 162
0.000016 167
0.000017 177
0.000045 331
0.000009 184
0.000019 168
0.000030 159
0.000010 166
0.000019 184
0.000018 154
0.000022 167
0.000016 173
0.000017 170
0.000021 188
0.000019 163
0.000021 164
0.000019 183
0.000017 156
0.000008 192
0.000026 168
0.000019 183
0.000016 170
0.000010 180
0.000016 170
0.000022 159
0.000022 155
0.000020 159
0.000023 163
0.000009 165
0.000018 184
0.000006 159
0.000023 177
0.000020 166
0.000017 153
0.000016 162
0.000018 173
0.000022 159
0.000018 177
0.000022 177
0.000018 180
0.000016 162
0.000020 202
0.000017 164
0.000017 184
0.000019 166
0.000017 177
0.000019 188
0.000019 177
0.000017 165
0.000019 165
0.000018 200
0.000019 184
0.000014 161
0.000023 170
0.000017 161
0.000017 170
0.000016 173
0.000017 186
0.000019 173
0.000023 183
0.000017 159
0.000016 170
0.000023 166
0.000024 159
0.000019 158
0.000019 157
0.000019 167
0.000015 177
0.000017 159
0.000016 162
0.000020 165
0.000020 188
0.000016 188
0.000017 166
0.000017 154
0.000019 164
0.000015 166
0.000016 160
0.000019 183
0.000020 176
0.000018 154
0.000025 180
0.000023 166
0.000016 171
0.000017 168
0.000020 171
0.000017 171
0.000023 170
0.000016 177
0.000018 172
0.000017 159
0.000023 192
0.000016 166
0.000017 161
0.000019 185
0.000017 151
0.000018 161
0.000017 198
0.000019 173
0.000019 164
0.000017 193
0.000019 159
0.000019 164
0.000017 160
0.000019 171
0.000021 154
0.000020 188
0.000064 318
0.000011 159
0.000006 166
0.000017 161
0.000012 170
0.000015 180
0.000015 187
0.000011 173
0.000011 168
0.000021 162
0.000007 178
0.000019 162
0.000012 162
0.000012 166
0.000013 189
0.000014 170
0.000012 177
0.000015 155
0.000013 163
0.000014 160
0.000014 177
0.000012 176
0.000023 427
0.000230 393
0.000192 120
0.000249 157
0.000012 157
0.000006 158
0.000031 313
0.000012 157
0.000019 312
0.000012 152
0.000014 156
0.000018 314
0.000019 162
0.000015 162
0.000013 158
0.000006 160
0.000024 154
0.000011 152
0.000010 150
0.000006 154
0.000019 159
0.000006 167
0.000017 150
0.000011 152
0.000011 159
0.000013 159
0.000013 150
0.000013 159
0.000012 157
0.000013 158
0.000016 307
0.000012 150
0.000013 153
0.000011 152
0.000010 163
0.000012 159
0.000012 161
0.000012 155
0.000019 289
0.000006 125
0.000266 136
0.000006 377
0.000179 130
0.000296 133
0.000369 146
0.000020 283
0.000024 281
0.000011 140
0.000014 139
0.000019 142
0.000016 139
0.000014 271
0.000014 127
0.000332 136
0.000011 138
0.000032 275
0.000010 138
0.000025 278
0.000017 140
0.000015 141
0.000021 141
0.000006 141
0.000012 141
0.000010 138
0.000011 138
0.000015 142
0.000011 139
0.000020 139
0.000012 138
0.000006 137
0.000016 139
0.000035 144
0.000011 136
0.000014 137
0.000012 138
0.000016 140
0.000011 136
0.000007 138
0.000040 139
0.000013 139
0.000022 140
0.000039 131
0.000013 129
0.000013 133
0.000013 134
0.000258 135
0.000012 140
0.000013 135
0.000014 264
0.000018 127
0.000016 131
0.000014 129
0.000011 127
0.000021 130
0.000011 133
0.000012 128
0.000033 131
0.000010 127
0.000013 131
0.000156 139
0.000014 138
0.000014 143
0.000011 143
0.000006 136
0.000024 139
0.000011 276
0.000006 129
0.000015 131
0.000193 139
0.000011 142
0.000017 145
0.000010 139
0.000011 138
0.000021 138
0.000021 280
0.000013 138
0.000022 140
0.000016 136
0.000006 141
0.000149 156
0.000011 149
0.000011 150
0.000014 147
0.000013 154
0.000017 149
0.000011 149
0.000017 147
0.000012 149
0.000006 150
0.000016 150
0.000011 294
0.000039 139
0.000022 144
0.000021 141
0.000011 137
0.000006 140
0.000021 140
0.000011 138
0.000013 144
0.000016 142
0.000021 139
0.000013 143
0.000014 142
0.000018 136
0.000007 140
0.000154 151
0.000012 151
0.000014 297
0.000151 150
0.000016 152
0.000012 144
0.000011 147
0.000024 296
0.000013 149
0.000011 283
0.000015 140
0.000021 138
0.000022 139
0.000029 139
0.000011 137
0.000022 139
0.000020 138
0.000021 144
0.000027 139
0.000012 139
0.000011 144
0.000039 146
0.000012 142
0.000006 145
0.000020 141
0.000035 145
0.000006 141
0.000006 141
0.000020 141
0.000011 140
0.000028 138
0.000020 141
0.000026 140
0.000053 139
0.000049 137
0.000013 144
0.000020 142
0.000014 138
0.000012 143
0.000043 143
0.000053 143
0.000017 140
0.000017 138
0.000048 140
0.000100 137
0.000017 142
0.000015 138
0.000016 143
0.000032 141
0.000031 146
0.000023 145
0.000047 141
0.000024 142
0.000173 151
0.000015 140
0.000013 142
0.000020 141
0.000033 144
0.000021 141
0.000034 141
0.000017 138
0.000021 136
0.000016 139
0.000033 139
0.000020 137
0.000032 143
0.000018 145
0.000029 138
0.000082 131
0.000015 132
0.000165 130
0.000006 131
0.000034 129
0.000025 131
0.000021 135
0.000039 127
0.000019 127
0.000039 127
0.000350 126
0.000014 131
0.000167 129
0.000184 136
0.000017 137
0.000012 140
0.000021 137
0.000013 139
0.000024 140
0.000016 139
0.000039 139
0.000014 141
0.000015 135
0.000020 137
0.000018 139
0.000016 140
0.000017 136
0.000030 138
0.000016 137
0.000021 137
0.000017 137
0.000027 140
0.000073 139
0.000021 138
0.000036 136
0.000033 140
0.000020 135
0.000019 138
0.000050 138
0.000028 137
0.000040 141
0.000029 140
0.000024 136
0.000038 138
0.000016 137
0.000027 142
0.000026 138
0.000042 137
0.000019 130
0.000018 131
0.000188 136
0.000013 139
0.000271 152
0.000012 149
0.000012 146
0.000021 148
0.000017 145
0.000017 146
0.000020 145
0.000034 148
0.000016 145
0.000029 283
0.000020 133
0.000183 142
0.000011 144
0.000013 146
0.000020 141
0.000015 144
0.000022 147
0.000023 143
0.000016 146
0.000017 147
0.000030 147
0.000018 147
0.000023 147
0.000016 144
0.000018 144
0.000022 148
0.000018 145
0.000029 145
0.000019 144
0.000018 143
0.000020 145
0.000046 150
0.000015 142
0.000015 143
0.000026 144
0.000016 146
0.000016 142
0.000021 144
0.000049 145
0.000017 145
0.000026 146
0.000058 137
0.000014 135
0.000014 139
0.000169 141
0.000012 146
0.000006 141
0.000019 276
0.000026 133
0.000032 137
0.000016 135
0.000020 133
0.000027 136
0.000020 139
0.000024 134
0.000054 137
0.000012 133
0.000016 137
0.000276 145
0.000012 144
0.000006 149
0.000025 149
0.000018 142
0.000019 145
0.000019 144
0.000019 279
0.000020 137
0.000206 145
0.000012 148
0.000016 151
0.000020 145
0.000016 144
0.000019 144
0.000021 144
0.000026 148
0.000021 144
0.000031 146
0.000019 142
0.000017 147
0.000178 162
0.000013 155
0.000011 156
0.000012 153
0.000020 160
0.000027 155
0.000016 155
0.000016 153
0.000022 155
0.000016 156
0.000019 156
0.000018 306
0.000057 145
0.000031 150
0.000030 147
0.000017 143
0.000019 146
0.000020 146
0.000017 144
0.000023 150
0.000020 148
0.000031 145
0.000020 149
0.000018 148
0.000023 142
0.000013 146
0.000171 157
0.000012 157
0.000017 309
0.000182 156
0.000007 158
0.000019 150
0.000017 153
0.000015 155
0.000025 153
0.000021 155
0.000019 295
0.000028 146
0.000030 144
0.000030 145
0.000041 145
0.000015 143
0.000030 145
0.000032 144
0.000027 150
0.000043 145
0.000020 145
0.000016 150
0.000022 146
0.000042 152
0.000020 148
0.000012 151
0.000017 147
0.000044 151
0.000016 147
0.000015 147
0.000020 147
0.000020 146
0.000038 144
0.000022 147
0.000046 146
0.000062 145
0.000061 143
0.000013 150
0.000012 148
0.000021 144
0.000018 149
0.000019 149
0.000054 149
0.000015 146
0.000015 144
0.000055 146
0.000085 143
0.000015 148
0.000014 144
0.000020 149
0.000033 147
0.000030 152
0.000022 151
0.000043 147
0.000027 148
0.000175 157
0.000005 146
0.000019 148
0.000020 147
0.000031 150
0.000019 147
0.000035 147
0.000018 144
0.000019 142
0.000024 145
0.000033 145
0.000019 143
0.000031 149
0.000019 151
0.000018 144
0.000082 137
0.000018 138
0.000161 136
0.000014 137
0.000027 135
0.000020 137
0.000041 133
0.000017 133
0.000040 133
0.000242 132
0.000015 137
0.000163 135
0.000174 142
0.000015 143
0.000027 146
0.000021 143
0.000016 145
0.000024 146
0.000019 145
0.000044 145
0.000011 147
0.000014 141
0.000024 143
0.000021 145
0.000016 146
0.000016 142
0.000027 144
0.000018 143
0.000020 143
0.000019 143
0.000028 146
0.000064 145
0.000019 144
0.000042 142
0.000031 146
0.000019 141
0.000019 144
0.000049 144
0.000031 143
0.000043 147
0.000022 146
0.000019 142
0.000039 144
0.000021 143
0.000026 148
0.000019 144
0.000039 143
0.000019 136
0.000174 147
0.000017 147
0.000021 148
0.000017 146
0.000027 147
0.000036 150
0.000018 146
0.000020 146
0.000018 285
0.000026 133
0.000202 139
0.000016 140
0.000013 139
0.000021 139
0.000032 139
0.000017 139
0.000020 139
0.000017 140
0.000031 140
0.000020 139
0.000019 139
0.000011 139
0.000036 139
0.000025 139
0.000032 139
0.000018 139
0.000023 139
0.000020 139
0.000014 140
0.000029 139
0.000012 139
0.000015 139
0.000019 140
0.000028 140
0.000017 140
0.000021 273
0.000211 143
0.000012 146
0.000015 142
0.000061 140
0.000021 141
0.000019 143
0.000020 148
0.000021 146
0.000017 145
0.000016 143
0.000016 145
0.000021 143
0.000038 142
0.000020 143
0.000018 143
0.000018 142
0.000022 141
0.000021 144
0.000019 140
0.000021 142
0.000036 146
0.000019 141
0.000027 144
0.000035 140
0.000019 139
0.000020 140
0.000018 139
0.000019 144
0.000019 148
0.000026 140
0.000015 142
0.000017 142
0.000019 141
0.000023 147
0.000031 142
0.000019 142
0.000020 144
0.000030 142
0.000020 141
0.000032 142
0.000044 142
0.000019 139
0.000019 140
0.000020 139
0.000022 141
0.000019 141
0.000068 139
0.000031 139
0.000046 144
0.000015 142
0.000020 140
0.000032 142
0.000019 141
0.000022 143
0.000020 143
0.000022 142
0.000023 141
0.000020 143
0.000022 144
0.000020 141
0.000017 140
0.000019 141
0.000032 142
0.000086 146
0.000019 143
0.000032 144
0.000063 134
0.000253 141
0.000032 144
0.000016 145
0.000030 145
0.000031 142
0.000020 147
0.000079 145
0.000020 149
0.000053 147
0.000097 145
0.000093 143
0.000102 145
0.000059 145
0.000030 145
0.000031 142
0.000029 145
0.000021 135
0.000069 133
0.000226 146
0.000028 143
0.000016 145
0.000017 146
0.000016 150
0.000047 149
0.000016 151
0.000027 145
0.000016 148
0.000046 144
0.000073 286
0.000198 143
0.000014 145
0.000051 146
0.000056 135
0.000195 136
0.000019 133
0.000012 129
0.000190 141
0.000007 141
0.000025 142
0.000012 140
0.000028 141
0.000036 144
0.000024 140
0.000012 140
0.000024 273
0.000017 127
0.000306 133
0.000013 134
0.000017 133
0.000013 133
0.000018 133
0.000011 133
0.000012 133
0.000006 134
0.000021 134
0.000006 133
0.000015 133
0.000013 133
0.000025 133
0.000016 133
0.002914 133
0.000187 8192
0.000275 8192
0.000110 3002
0.000012 492
0.000470 256
0.000010 118
0.000044 356
0.000603 127
0.000258 132
0.000022 137
0.000013 129
0.000019 252
0.000023 121
0.000359 258
0.000021 124
0.000010 122
0.000024 256
0.000522 158
0.000030 311
0.000020 156
0.000013 156
0.000016 162
0.000023 313
0.000020 156
0.000014 150
0.000045 544
0.000013 131
0.000014 128
0.000019 248
0.000021 124
0.000016 128
0.000011 132
0.000015 122
0.000040 262
0.000018 129
0.000025 267
0.000012 124
0.000022 257
0.000016 132
0.000020 241
0.000018 134
0.000022 266
0.000019 123
0.000022 254
0.000010 132
0.000013 125
0.000024 252
0.000029 256
0.000013 135
0.000011 131
0.000011 134
0.000018 133
0.000010 137
0.000011 128
0.000010 123
0.000013 130
0.000017 126
0.000026 256
0.000022 252
0.000010 129
0.000012 121
0.000013 123
0.000023 263
0.000012 136
0.000011 125
0.000028 264
0.000031 255
0.000014 264
0.000030 258
0.000020 134
0.000014 131
0.000011 127
0.000014 127
0.000025 130
0.000017 125
0.000029 252
0.000017 129
0.000016 130
0.000011 121
0.000018 123
0.000011 126
0.000016 132
0.000013 134
0.000017 128
0.000015 129
0.000013 127
0.000013 123
0.000016 129
0.000013 126
0.000015 126
0.000028 130
0.000007 128
0.000022 129
0.000016 126
0.000015 122
0.000016 135
0.000013 122
0.000019 122
0.000011 127
0.000019 125
0.000013 122
0.000018 126
0.000013 123
0.000014 130
0.000015 132
0.000156 128
0.000018 122
0.000016 128
0.000012 139
0.000017 125
0.000011 120
0.000019 122
0.000012 123
0.000013 128
0.000017 133
0.000011 131
0.000017 135
0.000016 132
0.000020 128
0.000014 121
0.000015 133
0.000012 128
0.000021 126
0.000012 128
0.000013 120
0.000017 131
0.000017 126
0.000011 126
0.000016 125
0.000012 125
0.000015 127
0.000017 122
0.000011 126
0.000020 136
0.000015 122
0.000020 134
0.000011 130
0.000014 132
0.000013 127
0.000012 122
0.000013 127
0.000017 129
0.000018 255
0.000006 125
0.000026 129
0.000018 135
0.000028 128
0.000009 111
0.000131 231
0.000022 121
0.000016 114
0.000019 115
0.000027 230
0.000024 118
0.000018 115
0.000020 114
0.000017 116
0.000012 114
0.000015 117
0.000019 114
0.000017 118
0.000016 117
0.000012 115
0.000017 112
0.000015 115
0.000018 115
0.000021 116
0.000014 114
0.000011 114
0.000015 115
0.000014 117
0.000011 116
0.000021 113
0.000015 114
0.000022 230
0.000021 116
0.000015 118
0.000019 115
0.000015 113
0.000020 116
0.000023 118
0.000015 118
0.000011 114
0.000018 116
0.000020 118
0.000015 117
0.000023 117
0.000016 117
0.000017 116
0.000019 116
0.000019 113
0.000018 118
0.000018 113
0.000015 115
0.000014 115
0.000014 118
0.000014 119
0.000014 120
0.000021 121
0.000015 113
0.000020 115
0.000024 118
0.000012 115
0.000020 115
0.000017 119
0.000017 115
0.000015 113
0.000025 116
0.000024 118
0.000016 116
0.000015 112
0.000015 112
0.000015 114
0.000013 115
0.000018 116
0.000014 111
0.000015 117
0.000014 116
0.000013 112
0.000014 116
0.000014 114
0.000015 117
0.000011 112
0.000020 115
0.000017 115
0.000015 112
0.000014 115
0.000011 112
0.000019 112
0.000021 113
0.000016 117
0.000014 114
0.000015 116
0.000015 119
0.000013 114
0.000022 114
0.000023 237
0.000019 116
0.000018 117
0.000016 116
0.000015 114
0.000014 115
0.000014 114
0.000014 116
0.000013 114
0.000014 114
0.000015 117
0.000013 113
0.000014 114
0.000016 114
0.000016 112
0.000010 113
0.000018 120
0.000014 112
0.000013 116
0.000021 117
0.000017 117
0.000014 114
0.000017 116
0.000014 114
0.000018 115
0.000019 115
0.000014 114
0.000015 115
0.000020 117
0.000019 112
0.000015 115
0.000019 113
0.000021 113
0.000015 116
0.000020 118
0.000018 117
0.000018 115
0.000016 112
0.000017 122
0.000017 117
0.000016 115
0.000020 113
0.000016 119
0.000017 117
0.000019 114
0.000021 114
0.000017 119
0.000016 113
0.000015 115
0.000011 114
0.000020 118
0.000012 117
0.000014 120
0.000012 120
0.000013 121
0.000012 123
0.000022 119
0.000015 123
0.000015 116
0.000016 119
0.000012 116
0.000013 120
0.000012 124
0.000015 118
0.000016 122
0.000016 123
0.000015 120
0.000019 116
0.000019 120
0.000006 112
0.000019 107
0.000413 116
0.000140 114
0.000138 226
0.000301 123
0.001074 250
0.000011 125
0.000016 232
0.000166 229
0.000263 249
0.000016 125
0.000145 235
0.000146 237
0.000029 493
0.000023 124
0.000009 226
0.000045 225
0.000063 225
0.000009 110
0.000018 111
0.000016 110
0.000009 113
0.000031 229
0.000016 111
0.000009 108
0.000026 223
0.000014 114
0.000025 222
0.000032 335
0.000027 223
0.000026 331
0.000028 221
0.000014 112
0.000015 109
0.000012 109
0.000022 113
0.000025 223
0.000028 219
0.000025 227
0.000013 114
0.000012 110
0.000013 110
0.000019 111
0.000030 219
0.000026 222
0.000028 231
0.000006 111
0.000017 115
0.000015 111
0.000019 110
0.000020 110
0.000012 111
0.000017 112
0.000023 219
0.000023 221
0.000012 108
0.000011 110
0.000020 111
0.000026 226
0.000020 225
0.000025 222
0.000010 111
0.000019 108
0.000015 111
0.000014 112
0.000013 110
0.000012 113
0.000017 114
0.000011 222
0.000017 112
0.000021 112
0.000012 110
0.000026 220
0.000018 108
0.000014 108
0.000023 224
0.000016 112
0.000047 609
0.000011 248
0.000012 103
0.000121 108
0.000032 108
0.000034 109
0.000052 112
0.000010 113
0.000032 219
0.000035 108
0.000030 108
0.000019 109
0.000059 112
0.000025 114
0.000023 112
0.000021 113
0.000051 244
0.000018 230
0.000048 118
0.000025 119
0.000041 131
0.000016 133
0.000018 131
0.000024 132
0.000018 249
0.000037 238
0.000040 119
0.000024 251
0.000006 229
0.000031 114
0.000043 338
0.000011 110
0.000006 108
0.000025 108
0.000057 114
0.000015 115
0.000012 120
0.000043 134
0.000007 129
0.000019 250
0.000016 116
0.000032 123
0.000018 116
0.000048 252
0.000023 130
0.000020 131
0.000021 126
0.000027 129
0.000030 243
0.000017 116
0.000030 235
0.000042 169
0.000011 169
0.000022 424
0.000010 125
0.000033 392
0.000039 256
0.000032 117
0.000034 128
0.000216 138
0.000017 297
0.000020 310
0.000006 126
0.000012 165
0.000006 126
0.000014 186
0.000010 161
0.000006 155
0.000023 270
0.000006 175
0.000012 159
0.000010 162
0.000011 126
0.000015 252
0.000006 154
0.000018 281
0.000020 272
0.000020 274
0.000023 280
0.000006 126
0.000017 252
0.000013 126
0.000011 165
0.000021 278
0.000016 252
0.000018 252
0.000019 282
0.000021 284
0.000015 252
0.000018 314
0.000020 284
0.000018 297
0.000017 325
0.000006 164
0.000020 265
0.000012 126
0.000020 252
0.000016 255
0.000006 126
0.000020 272
0.000018 305
0.000006 126
0.000020 252
0.000018 273
0.000008 126
0.000021 303
0.000013 337
0.000005 126
0.000012 162
0.000015 154
0.000016 126
0.000011 144
0.000005 144
0.000015 126
0.000019 271
0.000015 301
0.000006 126
0.000021 287
0.000021 302
0.000016 287
0.000019 252
0.000018 284
0.000011 154
0.000006 129
0.000012 126
0.000006 126
0.000015 166
0.000018 285
0.000018 315
0.000018 272
0.000018 252
0.000018 282
0.000019 326
0.000006 126
0.000020 285
0.000019 287
0.000020 297
0.000017 280
0.000016 148
0.000019 278
0.000019 333
0.000006 165
0.000011 168
0.000017 272
0.000018 126
0.000009 168
0.000020 252
0.000017 284
0.000016 252
0.000022 263
0.000006 126
0.000019 279
0.000018 302
0.000015 126
0.000020 270
0.000017 269
0.000017 302
0.000006 126
0.000020 252
0.000024 270
0.000014 298
0.000019 296
0.000017 252
0.000012 171
0.000006 161
0.000013 280
0.000013 152
0.000016 280
0.000018 290
0.000013 273
0.000018 252
0.000013 279
0.000013 252
0.000019 287
0.000012 282
0.000017 280
0.000006 126
0.000016 270
0.000016 329
0.000017 294
0.000006 142
0.000012 159
0.000012 274
0.000006 126
0.000021 252
0.000015 287
0.000005 126
0.000015 311
0.000019 252
0.000007 280
0.000021 264
0.000015 285
0.000012 174
0.000012 252
0.000005 181
0.000006 126
0.000011 126
0.000016 282
0.000017 282
0.000014 278
0.000013 252
0.000016 344
0.000014 298
0.000019 274
0.000006 252
0.000017 335
0.000017 266
0.000020 270
0.000018 285
0.000011 319
0.000018 270
0.000013 273
0.000014 309
0.000023 252
0.000017 275
0.000006 273
0.000018 266
0.000010 129
0.000011 126
0.000015 273
0.000015 282
0.000014 252
0.000014 252
0.000006 176
0.000019 322
0.000006 159
0.000012 284
0.000005 180
0.000011 165
0.000006 139
0.000014 284
0.000017 337
0.000006 126
0.000016 284
0.000019 270
0.000006 274
0.000020 323
0.000006 156
0.000006 147
0.000006 126
0.000020 241
0.000033 248
0.000010 118
0.000013 245
0.000042 354
0.000043 465
0.000028 112
0.000013 118
0.000045 242
0.000022 123
0.000037 255
0.000015 260
0.000047 126
0.000013 245
0.000018 118
0.000010 116
0.000014 115
0.000036 245
0.000016 110
0.000019 230
0.000046 124
0.000019 125
0.000025 123
0.000025 124
0.000026 239
0.000022 114
0.000015 122
0.000012 227
0.000048 125
0.000013 244
0.000024 126
0.000012 127
0.000012 127
0.000025 254
0.000024 359
0.000059 275
0.000006 123
0.000060 243
0.000037 263
0.000012 251
0.000040 244
0.000037 137
0.000011 131
0.000011 137
0.000012 137
0.000006 124
0.000027 381
0.000035 125
0.000015 252
0.000037 377
0.000038 375
0.000037 267
0.000006 125
0.000019 249
0.000037 249
0.000006 131
0.000016 126
0.000014 128
0.000019 256
0.000006 126
0.000013 135
0.000013 247
0.000047 247
0.000010 125
0.000006 123
0.000014 125
0.000006 132
0.000019 242
0.000033 129
0.000014 242
0.000006 117
0.000014 129
0.000034 125
0.000040 143
0.000007 136
0.000028 278
0.000017 281
0.000019 290
0.000017 289
0.000011 135
0.000006 136
0.000014 144
0.000019 266
0.000018 260
0.000020 263
0.000018 282
0.000006 144
0.000019 255
0.000006 113
0.000014 115
0.000016 116
0.000021 116
0.000042 362
0.000011 108
0.000052 228
0.000021 231
0.000016 226
0.000005 112
0.000021 228
0.000019 225
0.000005 113
0.000006 113
0.000019 222
0.000017 115
0.000010 115
0.000006 115
0.000020 228
0.000010 118
0.000006 114
0.000022 226
0.000018 225
0.000018 228
0.000005 114
0.000020 227
0.000018 224
0.000018 226
0.000011 115
0.000006 115
0.000010 109
0.000006 115
0.000015 114
0.000011 117
0.000006 117
0.000012 112
0.000010 113
0.000020 226
0.000018 230
0.000018 222
0.000016 224
0.000006 112
0.000014 113
0.000011 115
0.000005 118
0.000012 112
0.000010 114
0.000020 227
0.000015 232
0.000006 109
0.000042 109
0.000174 491
0.000013 175
0.000026 319
0.000012 175
0.000005 175
0.000043 358
0.000008 309
0.000015 175
0.000034 309
0.000032 491
0.000023 350
0.000020 350
0.000011 175
0.000034 178
0.000014 307
0.000011 175
0.000035 485
0.000036 491
0.000026 178
0.000011 307
0.000026 350
0.000012 175
0.000011 175
0.000006 175
0.000015 175
0.000033 352
0.000010 303
0.000021 175
0.000017 298
0.000006 118
0.000054 257
0.000011 117
0.000032 257
0.000021 119
0.000091 148
0.000018 293
0.000005 136
0.000046 153
0.000007 143
0.000024 281
0.000036 148
0.000006 148
0.000016 281
0.000037 147
0.000007 147
0.000017 276
0.000035 152
0.000006 152
0.000019 289
0.000027 148
0.000008 148
0.000017 281
0.000036 278
0.000012 263
0.000039 145
0.000006 145
0.000019 282
0.000032 150
0.000011 150
0.000011 285
0.000039 146
0.000007 147
0.000017 279
0.000040 292
0.000013 277
0.000036 146
0.000008 146
0.000016 274
0.000033 146
0.000011 146
0.000016 276
0.000035 148
0.000018 293
0.000006 136
0.000041 292
0.000013 277
0.000035 147
0.000011 147
0.000011 279
0.000037 138
0.000013 138
0.000012 258
0.000032 146
0.000006 146
0.000017 276
0.000041 145
0.000007 148
0.000019 281
0.000006 135
0.000041 293
0.000009 281
0.000043 284
0.000011 269
0.000040 153
0.000010 153
0.000012 288
0.000034 148
0.000006 148
0.000018 282
0.000033 146
0.000011 146
0.000011 274
0.000036 146
0.000006 146
0.000018 276
0.000035 296
0.000011 281
0.000047 146
0.000005 146
0.000020 277
0.000031 146
0.000006 146
0.000019 276
0.000035 294
0.000006 279
0.000041 147
0.000012 147
0.000017 278
0.000031 292
0.000011 277
0.000011 137
0.000032 147
0.000019 423
0.000040 298
0.000014 283
0.000032 148
0.000006 148
0.000019 281
0.000032 143
0.000006 143
0.000018 271
0.000033 142
0.000012 142
0.000006 143
0.000014 126
0.000033 147
0.000006 147
0.000018 278
0.000043 292
0.000011 274
0.000041 296
0.000011 281
0.000037 144
0.000011 144
0.000012 273
0.000035 144
0.000006 144
0.000018 270
0.000041 286
0.000006 271
0.000035 146
0.000022 423
0.000039 147
0.000006 147
0.000017 278
0.000034 146
0.000011 146
0.000014 276
0.000036 286
0.000011 271
0.000041 294
0.000011 279
0.000042 294
0.000011 278
0.000020 136
0.000029 148
0.000011 148
0.000016 281
0.000034 142
0.000019 278
0.000006 130
0.000030 147
0.000011 147
0.000014 279
0.000036 145
0.000010 145
0.000014 282
0.000037 143
0.000019 283
0.000006 131
0.000040 153
0.000012 153
0.000015 288
0.000032 153
0.000006 153
0.000018 288
0.000040 292
0.000013 277
0.000035 292
0.000016 276
0.000034 148
0.000006 148
0.000017 281
0.000030 145
0.000011 145
0.000013 280
0.000037 278
0.000010 263
0.000039 153
0.000006 153
0.000017 291
0.000040 290
0.000010 280
0.000015 125
0.000013 127
0.000014 244
0.000061 268
0.000031 294
0.000028 290
0.000029 290
0.000028 308
0.000036 414
0.000054 383
0.000095 171
0.000011 170
0.000013 165
0.000014 174
0.000012 176
0.000006 162
0.000011 165
0.000012 179
0.000025 321
0.000021 345
0.000006 173
0.000011 177
0.000014 176
0.000011 155
0.000006 168
0.000012 159
0.000013 166
0.000013 154
0.000010 173
0.000006 170
0.000014 188
0.000006 163
0.000015 168
0.000020 347
0.000012 156
0.000019 353
0.000014 351
0.000011 170
0.000018 350
0.000006 159
0.000012 155
0.000012 159
0.000011 163
0.000011 165
0.000005 184
0.000029 327
0.000010 177
0.000006 166
0.000014 153
0.000013 162
0.000012 173
0.000006 163
0.000014 163
0.000011 177
0.000011 159
0.000020 354
0.000013 180
0.000005 162
0.000015 167
0.000012 202
0.000006 164
0.000011 184
0.000011 166
0.000006 177
0.000014 188
0.000006 177
0.000015 165
0.000011 165
0.000022 384
0.000011 161
0.000011 170
0.000020 328
0.000011 170
0.000011 186
0.000006 173
0.000019 342
0.000015 336
0.000013 317
0.000018 324
0.000015 336
0.000006 162
0.000006 165
0.000025 376
0.000006 166
0.000011 154
0.000015 337
0.000006 166
0.000011 160
0.000014 359
0.000010 154
0.000018 346
0.000010 171
0.000006 168
0.000015 171
0.000012 171
0.000007 170
0.000016 177
0.000006 172
0.000014 159
0.000006 192
0.000015 166
0.000016 161
0.000011 185
0.000013 151
0.000014 198
0.000015 173
0.000011 164
0.000006 193
0.000013 159
0.000005 164
0.000016 160
0.000011 171
0.000006 154
0.000015 188
0.000010 152
0.000006 168
0.000015 166
0.000010 159
0.000006 166
0.000015 161
0.000018 170
0.000006 180
0.000012 187
0.000011 173
0.000023 346
0.000012 324
0.000022 355
0.000013 347
0.000006 168
0.000011 155
0.000014 323
0.000006 177
0.000010 176
0.000006 159
0.000014 268
0.000059 276
0.000006 117
0.000027 120
0.000068 314
0.000006 158
0.000016 153
0.000016 160
0.000019 311
0.000022 310
0.000010 156
0.000006 152
0.000011 162
0.000013 162
0.000012 162
0.000011 158
0.000006 160
0.000014 168
0.000013 159
0.000010 154
0.000006 152
0.000016 150
0.000012 154
0.000011 159
0.000006 167
0.000016 150
0.000016 152
0.000010 159
0.000011 165
0.000007 159
0.000015 150
0.000011 159
0.000006 157
0.000013 156
0.000011 158
0.000011 158
0.000011 149
0.000006 150
0.000016 153
0.000011 152
0.000005 163
0.000016 159
0.000016 161
0.000015 155
0.000025 289
0.000010 125
0.000059 136
0.000024 377
0.000055 130
0.000010 133
0.000043 289
0.000006 140
0.000019 142
0.000007 139
0.000006 140
0.000014 139
0.000021 142
0.000006 139
0.000023 271
0.000010 127
0.000046 136
0.000007 138
0.000022 275
0.000005 138
0.000020 141
0.000020 277
0.000011 141
0.000017 141
0.000011 141
0.000006 141
0.000015 138
0.000019 280
0.000012 139
0.000015 139
0.000011 138
0.000006 137
0.000015 139
0.000031 144
0.000006 136
0.000012 137
0.000013 138
0.000011 140
0.000006 136
0.000015 138
0.000034 139
0.000006 139
0.000020 140
0.000042 260
0.000018 267
0.000031 135
0.000006 140
0.000014 135
0.000018 264
0.000011 127
0.000019 131
0.000011 129
0.000006 127
0.000018 130
0.000006 133
0.000016 128
0.000030 131
0.000006 127
0.000020 131
0.000042 277
0.000022 286
0.000007 136
0.000005 139
0.000019 138
0.000015 267
0.000092 281
0.000020 284
0.000010 138
0.000006 138
0.000016 138
0.000018 280
0.000017 140
0.000005 136
0.000016 141
0.000037 156
0.000012 149
0.000006 150
0.000019 301
0.000023 149
0.000010 149
0.000020 296
0.000010 150
0.000009 150
0.000016 294
0.000020 139
0.000019 144
0.000017 141
0.000010 137
0.000006 140
0.000013 140
0.000010 138
0.000018 286
0.000017 139
0.000011 143
0.000011 142
0.000006 136
0.000016 140
0.000035 151
0.000010 151
0.000014 297
0.000035 150
0.000006 152
0.000014 144
0.000022 296
0.000006 147
0.000011 149
0.000022 283
0.000011 140
0.000013 138
0.000022 139
0.000030 276
0.000016 139
0.000019 138
0.000015 144
0.000017 139
0.000006 139
0.000015 144
0.000034 146
0.000007 142
0.000014 145
0.000006 141
0.000029 286
0.000006 141
0.000011 141
0.000011 140
0.000019 138
0.000012 141
0.000021 140
0.000029 139
0.000030 137
0.000012 286
0.000015 138
0.000013 143
0.000021 143
0.000017 278
0.000020 140
0.000057 278
0.000021 280
0.000011 143
0.000011 141
0.000019 146
0.000011 145
0.000020 141
0.000015 142
0.000028 151
0.000006 140
0.000015 142
0.000014 141
0.000016 144
0.000013 141
0.000015 141
0.000021 138
0.000010 136
0.000006 139
0.000022 139
0.000011 137
0.000018 143
0.000012 145
0.000006 138
0.000050 131
0.000006 132
0.000036 130
0.000026 129
0.000010 131
0.000014 135
0.000029 127
0.000020 127
0.000095 126
0.000053 129
0.000045 273
0.000022 277
0.000010 139
0.000019 279
0.000037 280
0.000005 135
0.000021 139
0.000016 136
0.000019 138
0.000006 137
0.000015 137
0.000014 137
0.000016 140
0.000043 139
0.000018 138
0.000024 136
0.000024 140
0.000011 135
0.000006 138
0.000035 138
0.000034 141
0.000012 140
0.000012 136
0.000022 138
0.000012 137
0.000018 142
0.000006 138
0.000027 137
0.000013 130
0.000013 131
0.000042 141
0.000006 141
0.000016 142
0.000012 140
0.000016 141
0.000024 144
0.000006 140
0.000014 140
0.000013 273
0.000057 133
0.000006 134
0.000019 133
0.000011 133
0.000037 266
0.000006 133
0.000014 134
0.000017 134
0.000011 133
0.000018 266
0.000020 133
0.000016 133
0.000024 133
0.000007 133
0.000012 133
0.000011 133
0.000012 134
0.000029 399
0.000012 134
0.000025 268
0.000014 261
0.000070 137
0.000018 276
0.000036 134
0.000020 272
0.000012 142
0.000006 140
0.000018 139
0.000017 276
0.000013 137
0.000019 136
0.000006 137
0.000024 273
0.000005 135
0.000016 138
0.000011 134
0.000006 136
0.000026 135
0.000011 138
0.000028 267
0.000019 267
0.000011 138
0.000006 142
0.000026 134
0.000017 272
0.000012 135
0.000011 141
0.000020 136
0.000017 274
0.000015 136
0.000012 135
0.000008 136
0.000028 269
0.000006 134
0.000024 268
0.000011 135
0.000034 133
0.000012 133
0.000019 138
0.000019 270
0.000021 271
0.000006 137
0.000014 137
0.000006 136
0.000016 135
0.000012 137
0.000006 138
0.000014 135
0.000011 134
0.000006 135
0.000020 136
0.000050 277
0.000021 138
0.000029 128
0.000067 135
0.000018 138
0.000013 139
0.000016 139
0.000018 136
0.000011 141
0.000042 282
0.000025 141
0.000039 139
0.000047 137
0.000045 139
0.000025 139
0.000010 139
0.000022 136
0.000016 139
0.000020 129
0.000035 141
0.000043 140
0.000006 137
0.000024 279
0.000006 144
0.000028 143
0.000012 145
0.000022 281
0.000032 138
0.000037 274
0.000040 276
0.000024 140
0.000030 129
0.000040 130
0.000019 258
0.000011 114
0.000053 234
0.000006 116
0.000015 119
0.000006 119
0.000022 118
0.000014 235
0.000011 120
0.000020 236
0.000011 121
0.000005 117
0.000015 119
0.000019 240
0.000011 115
0.000005 119
0.000019 241
0.000016 116
0.000010 120
0.000011 116
0.000018 242
0.000010 119
0.000006 116
0.000021 254
0.000015 238
0.000080 256
0.000022 118
0.000018 231
0.000138 127
0.000035 257
0.000006 126
0.000041 269
0.000015 381
0.000006 124
0.000036 260
0.000017 370
0.000018 249
0.000012 126
0.000068 158
0.000011 154
0.000022 313
0.000010 156
0.000013 162
0.000015 313
0.000021 306
0.000012 156
0.000006 150
0.000021 300
0.000011 242
0.000020 262
0.000010 127
0.000006 121
0.000018 124
0.000012 128
0.000011 132
0.000033 247
0.000020 261
0.000011 133
0.000016 251
0.000019 241
0.000013 134
0.000017 255
0.000022 252
0.000007 121
0.000011 137
0.000016 132
0.000017 382
0.000019 256
0.000011 135
0.000011 262
0.000015 131
0.000017 267
0.000017 265
0.000006 128
0.000015 249
0.000015 256
0.000016 252
0.000019 257
0.000013 244
0.000006 130
0.000021 261
0.000019 249
0.000016 264
0.000015 258
0.000010 130
0.000016 254
0.000016 268
0.000015 260
0.000010 131
0.000006 127
0.000006 127
0.000015 255
0.000013 132
0.000010 120
0.000011 131
0.000020 244
0.000010 126
0.000006 132
0.000030 257
0.000010 127
0.000006 123
0.000021 258
0.000023 258
0.000006 130
0.000006 128
0.000016 129
0.000017 248
0.000019 257
0.000006 122
0.000012 125
0.000011 129
0.000011 122
0.000011 134
0.000017 250
0.000006 123
0.000020 130
0.000018 254
0.000011 128
0.000006 130
0.000018 264
0.000011 120
0.000014 122
0.000019 252
0.000020 264
0.000019 257
0.000019 243
0.000012 133
0.000007 128
0.000023 246
0.000006 131
0.000012 126
0.000015 133
0.000018 251
0.000011 125
0.000011 127
0.000017 254
0.000011 126
0.000006 136
0.000012 122
0.000012 130
0.000018 259
0.000006 122
0.000022 261
0.000006 122
0.000023 387
0.000022 264
0.000011 111
0.000111 231
0.000020 121
0.000015 114
0.000013 115
0.000011 230
0.000011 118
0.000006 115
0.000011 114
0.000010 116
0.000006 114
0.000013 117
0.000020 232
0.000006 117
0.000013 115
0.000011 112
0.000011 115
0.000006 115
0.000016 116
0.000020 228
0.000016 232
0.000019 229
0.000011 114
0.000014 230
0.000011 116
0.000012 118
0.000006 115
0.000011 113
0.000010 116
0.000006 118
0.000022 232
0.000013 116
0.000006 118
0.000010 117
0.000007 117
0.000021 233
0.000010 116
0.000011 113
0.000006 118
0.000011 113
0.000011 115
0.000011 115
0.000021 237
0.000006 120
0.000016 121
0.000010 113
0.000006 115
0.000014 118
0.000010 115
0.000006 115
0.000015 119
0.000019 228
0.000011 116
0.000011 118
0.000013 116
0.000015 112
0.000012 112
0.000017 229
0.000010 116
0.000006 111
0.000015 117
0.000010 116
0.000008 112
0.000018 230
0.000011 117
0.000012 112
0.000011 115
0.000006 115
0.000012 112
0.000010 115
0.000011 112
0.000005 112
0.000016 113
0.000010 117
0.000006 114
0.000014 116
0.000011 119
0.000006 114
0.000016 114
0.000012 237
0.000012 233
0.000023 230
0.000018 229
0.000010 116
0.000006 114
0.000018 114
0.000011 117
0.000005 113
0.000023 228
0.000018 225
0.000010 112
0.000008 116
0.000011 117
0.000015 231
0.000012 116
0.000005 114
0.000014 115
0.000011 115
0.000006 114
0.000014 115
0.000011 117
0.000006 112
0.000015 115
0.000011 113
0.000005 113
0.000019 116
0.000006 118
0.000014 117
0.000012 115
0.000010 112
0.000013 122
0.000011 117
0.000011 115
0.000011 113
0.000018 236
0.000011 114
0.000006 114
0.000013 119
0.000011 113
0.000011 115
0.000006 114
0.000013 118
0.000011 117
0.000010 120
0.000008 120
0.000013 123
0.000010 119
0.000014 123
0.000013 116
0.000018 235
0.000011 120
0.000005 124
0.000020 118
0.000010 117
0.000019 245
0.000020 236
0.000012 123
0.000010 120
0.000016 120
0.000007 112
0.000012 107
0.000054 116
0.000026 114
0.000027 226
0.000053 123
0.000053 249
0.000005 130
0.000022 232
0.000024 229
0.000024 117
0.000024 117
0.000015 255
0.000006 108
0.000050 231
0.000006 107
0.000064 225
0.000019 221
0.000016 223
0.000006 114
0.000019 226
0.000010 108
0.000018 223
0.000019 222
0.000020 229
0.000018 220
0.000006 111
0.000013 112
0.000006 111
0.000017 220
0.000021 221
0.000017 221
0.000006 109
0.000016 223
0.000018 223
0.000012 109
0.000006 108
0.000019 233
0.000010 110
0.000006 110
0.000015 111
0.000018 219
0.000018 222
0.000010 112
0.000020 230
0.000018 226
0.000011 110
0.000019 221
0.000012 223
0.000023 329
0.000011 108
0.000016 221
0.000011 113
0.000021 222
0.000012 226
0.000011 112
0.000006 111
0.000011 108
0.000022 223
0.000005 110
0.000006 113
0.000023 226
0.000006 110
0.000012 112
0.000018 222
0.000017 220
0.000006 108
0.000014 108
0.000018 224
0.000015 112
0.000042 304
0.000015 305
0.000006 248
0.000018 142
0.000010 29
0.000045 242
0.000006 84
0.000031 92
0.000387 45
0.001967 30
0.000089 62
0.002940 226
0.000114 8
0.000012 49
1.028222 27
0.451330 1
0.630743 1
0.041089 1
0.039918 1
0.041380 1
0.041132 1
0.039430 1
0.039446 1
0.040095 1
0.039996 1
0.039866 1
0.040167 1
0.040056 1
0.040291 1
0.039531 1
0.040302 1
0.274564 1
0.294415 5
0.057325 5
0.218120 11
0.004714 228
0.031075 231
0.027545 22
0.000348 45
0.001487 30
0.000026 62
0.002391 226
0.000164 8
0.000009 49
104.094000 1
0.061766 1
0.120666 1
0.092896 1
0.082659 1
0.076837 1
0.071812 1
0.139631 1
0.133604 1
0.056688 1
0.164385 1
0.123670 1
0.083597 1
0.087814 1
0.881417 1
0.127717 1
0.108716 1
0.101961 1
0.125875 1
0.312292 11
0.004422 228
0.054507 23
0.000056 49
0.000010 47
0.000009 54
0.000011 54
0.000010 42
0.000011 25
0.000010 35
0.000022 29
0.000066 50
0.000009 52
0.000010 31
0.000011 71
0.000010 98
0.000011 61
0.000010 53
0.000011 71
0.000010 37
0.000010 33
0.000011 32
0.000020 30
0.000020 27
0.000010 53
0.000011 21
0.001981 30
0.000079 62
0.002720 226
0.000271 8
0.000008 49
124.986495 1
0.059416 1
0.125306 1
0.127462 1
0.044583 1
0.085260 1
0.075395 1
0.254966 1
0.207157 1
0.091589 1
0.162477 1
0.120111 1
0.154211 1
0.106601 11
0.004123 228
0.035350 239
0.000014 74
0.000008 33
0.000007 43
0.000008 27
0.000008 30
0.000007 33
0.000008 43
0.000007 27
0.000007 30
0.002027 30
0.000053 62
0.003372 226
0.000363 8
0.000013 49
173.181803 3
0.204531 3
0.228100 4
0.274958 3
0.506058 3
0.154657 4
0.195185 1
0.295938 1
0.341332 3
0.123950 3
0.339566 4
0.357566 1
0.304695 4
0.952486 1
0.542655 3
0.479598 3
0.185403 3
0.126530 3
0.603388 4
0.287083 3
0.354419 3
0.067240 3
0.196461 4
1.561451 4
0.570788 5
0.040516 5
0.039684 5
0.040195 5
0.040682 4
0.038912 5
0.040435 5
0.040289 5
0.040414 5
0.039663 5
0.039602 4
0.040452 4
0.040311 5
0.039371 4
0.040105 4
0.039681 5
0.040927 5
0.039624 5
0.039478 4
0.040388 4
0.039832 4
0.040424 5
0.039120 5
0.040202 5
0.040399 4
0.040869 5
0.039198 5
0.039984 5
0.040286 1
0.039780 1
0.965337 1
0.048615 1
0.122863 1
0.095016 1
0.080943 1
0.072114 1
0.088960 1
0.327190 1
0.093025 1
0.124795 1
0.065541 1
0.102217 1
0.208510 1
0.416595 3
0.182134 3
2.301011 5
0.138919 5
0.150626 4
0.539647 1
0.703103 1
0.371547 1
0.187017 1
0.115093 1
0.160263 1
0.663309 1
0.743007 1
0.147410 1
0.163049 1
0.359252 1
0.209010 1
0.172999 1
0.180501 1
0.094757 1
0.239452 1
0.186822 1
0.132856 1
0.178942 1
0.155708 1
0.173017 1
0.093121 1
0.102205 1
0.123359 1
0.076884 1
0.243647 1
0.904319 11
0.004308 228
0.432335 45
0.002026 30
0.000062 62
0.002922 226
0.000206 8
0.000017 49
4.696625 1
0.108599 1
0.149401 1
0.324066 1
0.353478 1
0.275878 1
0.263543 11
0.005387 228
0.002592 855
0.000257 30
0.000044 62
0.002920 226
0.000160 8
0.000015 49
4.698413 11
0.000181 30
0.000010 62
0.003133 226
0.000171 57
0.109445 11
0.000131 30
0.000020 62
0.003243 226
0.000146 8
0.000016 49
0.205630 1
0.127800 1
0.177894 1
0.144953 1
0.205666 1
1.270535 1
0.091743 1
0.366511 1
0.103782 1
0.260150 1
0.482744 1
0.130526 1
0.140930 1
0.137199 1
0.095052 1
0.178795 1
0.435652 1
0.195353 1
0.254786 1
0.277195 1
0.197633 1
0.114391 1
0.191235 1
0.135134 1
0.575415 1
0.059013 1
0.126370 1
0.088616 1
0.072424 1
0.088477 1
0.116623 11
0.004189 228
0.001375 2152
0.000016 1076
0.000234 30
0.000045 62
0.002865 226
0.000161 8
0.000038 49
187.726429 3
0.656600 5
0.379280 1
0.080355 1
0.119965 1
0.089264 1
0.080967 1
0.102154 1
0.069661 1
0.143120 1
0.149304 1
0.120068 1
5.355296 1
0.159723 1
0.302622 1
0.157396 1
0.188630 1
0.133578 1
0.157344 1
0.147070 1
0.087666 1
0.156467 1
0.102979 1
0.165526 1
0.070832 1
0.148791 1
0.114690 11
0.004299 228
0.014233 98
0.000023 732
0.000016 556
0.000319 30
0.000054 62
0.002690 226
0.000237 8
0.000009 49
27.284002 1
0.105567 1
0.146714 1
0.129342 1
0.084098 1
0.084219 1
0.464067 1
0.209856 1
0.124651 1
0.109402 1
0.332482 1
0.463193 1
23.590485 11
0.004032 228
0.010810 135
0.000241 30
0.000067 71
0.002393 226
0.000112 8
0.000011 49
1.111120 12
5.647762 4
0.161345 4
0.153523 4
0.140533 4
0.377384 4
0.229195 1
0.110305 1
0.377941 1
0.191078 1
0.151097 1
0.396689 1
0.117599 1
0.218212 1
0.259959 1
0.640302 1
0.162428 1
0.115857 1
0.087420 11
0.004269 228
0.029072 68
0.000013 108
0.000008 55
0.000009 58
0.000008 33
0.000010 64
0.000007 64
0.000008 26
0.000007 23
0.000007 38
0.000007 19
0.000008 51
0.000007 14
0.000370 30
0.000063 62
0.002914 226
0.000119 8
0.000015 49
0.986979 1
0.110278 1
0.119509 1
0.108760 1
0.330988 4
0.129523 4
0.144686 4
0.119260 4
0.103049 1
0.100831 1
0.113242 1
0.101495 1
0.069270 1
0.079062 1
0.101471 1
1.581189 1
0.146975 1
0.110559 1
0.392749 1
0.903696 1
2.033504 1
0.185972 1
0.173488 1
0.161366 1
0.142852 1
0.212412 1
0.102224 1
0.344033 1
0.065560 1
0.117589 1
0.148099 1
0.213880 1
0.246575 11
0.004126 228
0.012555 98
0.000018 732
0.000009 283
0.000007 117
0.000016 295
0.000014 177
0.001875 267
0.000034 142
0.000037 194
0.000014 256
0.000016 191
0.000014 149
0.000015 191
0.000043 107
0.000014 191
0.000014 211
0.000014 194
0.000011 186
0.000014 134
0.000010 206
0.000010 144
0.000012 134
0.000014 288
0.000013 278
0.000010 206
0.000010 62
0.000059 144
0.000018 368
0.000013 245
0.000014 274
0.000010 318
0.000010 118
0.000009 118
0.000009 118
0.000011 118
0.000015 258
0.000014 248
0.000015 135
0.000015 237
0.000014 86
0.000015 188
0.000014 149
0.000016 194
0.000016 211
0.000015 129
0.000056 221
0.000017 360
0.000020 216
0.000016 412
0.000015 278
0.000014 210
0.000015 392
0.000015 264
0.000015 293
0.000014 236
0.000014 236
0.000015 177
0.000014 137
0.000071 308
0.000015 199
0.000014 152
0.000022 259
0.000019 171
0.000016 210
0.000021 149
0.000015 298
0.000014 186
0.000014 278
0.000015 340
0.000014 144
0.000015 206
0.000013 350
0.000009 206
0.000010 184
0.000009 173
0.000010 234
0.000010 166
0.000009 67
0.000076 114
0.000010 291
0.000010 120
0.000009 118
0.000010 177
0.000010 118
0.000010 118
0.000025 242
0.000010 292
0.000010 169
0.000010 90
0.000009 107
0.000013 152
0.000015 174
0.000014 168
0.000015 233
0.000015 211
0.000012 231
0.000010 268
0.000011 360
0.000009 134
0.000010 350
0.000010 268
0.000010 206
0.000011 357
0.000010 155
0.000013 162
0.000064 264
0.000010 293
0.000010 295
0.000010 236
0.000009 118
0.000010 366
0.000010 109
0.000010 174
0.000009 208
0.000011 229
0.000010 137
0.000009 171
0.000010 191
0.000010 149
0.000009 191
0.000010 278
0.000010 278
0.000010 268
0.000013 206
0.000011 422
0.000010 206
0.000010 278
0.000009 216
0.000010 213
0.000011 465
0.000009 209
0.000010 259
0.000009 177
0.000009 236
0.000009 118
0.000009 320
0.000009 124
0.000085 90
0.000009 216
0.000006 149
0.000007 104
0.000007 107
0.000011 214
0.000006 129
0.000007 107
0.000007 149
0.000007 84
0.000007 191
0.000006 144
0.000008 134
0.000006 216
0.000007 206
0.000006 134
0.000007 216
0.000007 134
0.000007 276
0.000008 134
0.000006 146
0.000006 138
0.000007 162
0.000007 147
0.000007 299
0.000007 141
0.000006 200
0.000007 177
0.000007 118
0.000009 177
0.000008 234
0.000006 2
0.000354 30
0.000052 62
0.002589 226
0.000174 8
0.000019 49
10.872567 1
0.073860 1
0.113520 1
0.233537 1
0.094073 1
0.168717 11
0.004395 228
0.001140 11
0.000237 30
0.000018 62
0.002691 226
0.000175 8
0.000018 49
482.836030 3
0.365754 5
1.191774 1
0.079094 1
0.084311 1
0.294834 4
0.107777 4
0.085714 1
0.111708 1
0.087679 1
0.102347 11
0.004609 234
