0.044321 50
0.000262 30
0.002827 226
0.000232 57
1.677406 11
0.000141 30
0.000030 62
0.003198 226
0.000159 8
0.000020 49
0.105126 11
0.000139 30
0.000042 62
0.003437 226
0.000154 57
2.024285 1
0.077884 1
0.101416 1
0.062395 1
0.063046 1
0.139879 1
0.158771 1
0.112758 1
0.172141 1
0.196451 1
1.000392 1
0.175003 1
0.170641 1
0.645863 1
0.217177 1
0.333782 1
0.268825 1
0.210823 1
0.250261 4
0.124520 4
0.150945 4
0.145456 4
0.138202 4
0.151977 4
0.236694 1
0.165811 1
0.169792 1
0.057088 1
0.224987 1
0.188998 1
0.348598 1
0.073373 1
0.435224 4
0.108402 4
0.606712 1
0.073998 1
0.377516 1
1.311879 1
0.076235 1
0.117166 1
0.372576 1
0.094716 1
0.072573 1
0.678901 1
0.158441 1
0.189481 1
0.489138 1
0.197189 1
0.216327 1
0.082854 1
1.098574 1
0.349643 1
0.184763 1
0.219388 1
0.199134 1
0.265193 1
0.259817 1
1.412611 1
0.350327 1
0.190045 1
0.605366 1
0.110103 1
0.452899 1
0.413730 1
0.508754 1
0.497103 1
0.286627 1
0.733814 4
0.128631 4
0.139546 4
0.158532 4
0.134811 1
0.125471 1
0.944093 1
0.086082 1
3.632258 11
0.004402 228
0.122390 19
3.274199 2
0.373250 229
0.438635 128
0.000516 45
0.002031 30
0.000064 62
0.003015 226
0.000058 8
0.000026 49
2.930332 1
0.066653 1
0.382293 1
0.133936 1
0.094058 1
0.347594 1
2.230231 6
0.172604 5
0.081584 5
0.098381 5
0.072072 5
0.075365 5
0.267097 18
1.216530 1
0.086430 1
0.085017 1
0.182747 1
0.208467 1
0.224064 1
0.364603 1
0.219693 1
0.118833 1
0.080845 1
0.800104 1
1.852714 1
0.110609 1
0.176534 1
0.212451 1
0.177692 1
0.081970 1
0.121417 1
0.146370 1
0.063128 1
3.055958 4
0.570248 4
0.038736 4
0.040439 4
0.039623 4
0.039705 4
0.041041 4
0.039868 4
0.039610 4
0.039801 4
0.039888 4
0.040089 4
0.040057 4
0.039324 4
0.040864 4
0.039384 4
0.040636 4
0.039612 4
0.039516 4
0.285204 4
0.134336 1
0.123209 1
0.174492 1
0.190840 1
0.176826 1
0.087353 1
0.126065 1
0.140865 1
0.066254 1
0.101099 1
0.392774 1
0.085692 1
0.072741 1
0.128514 1
0.190430 1
0.458752 1
0.149108 1
0.169672 1
0.079865 1
0.105344 1
0.148917 11
0.004821 228
0.356339 229
0.004894 45
0.001376 30
0.000066 62
0.002616 226
0.000106 8
0.000008 49
3.192017 1
0.153568 1
0.250593 1
0.115806 1
0.374241 1
1.014544 1
0.058270 1
0.210230 1
0.212923 1
0.094720 1
0.393265 1
2.343158 1
0.209190 1
0.107528 1
0.436107 1
0.716380 1
0.094923 1
0.075657 1
0.381438 1
0.109266 1
0.212996 1
0.283192 1
0.181477 1
0.101089 1
0.056638 1
1.023737 11
0.004399 228
0.334120 229
0.001941 45
0.001785 30
0.000051 62
0.002507 226
0.000245 8
0.000009 49
24.951881 1
0.118179 1
0.043805 1
0.251722 1
0.521929 1
0.108520 1
0.294548 4
0.168481 1
0.907441 11
0.005369 228
0.004397 169
0.000018 115
0.000253 30
0.000064 62
0.002510 226
0.000116 8
0.000017 49
17.545567 1
0.095757 1
0.058901 1
0.165248 1
0.165200 1
0.680186 1
1.645933 1
0.304317 1
0.857468 1
0.257012 1
0.141124 1
0.147591 1
0.274258 1
0.103277 1
0.280703 1
0.294142 4
0.132442 4
0.287623 1
0.779055 1
0.285501 1
2.118111 11
0.004538 228
0.001123 30
0.000077 62
0.002645 226
0.000183 57
1.451093 1
0.090446 1
0.088520 1
0.102303 1
0.810120 1
0.100009 1
0.312723 11
0.004719 228
0.003337 169
0.000016 115
0.000280 30
0.000072 62
0.002350 226
0.000126 57
4.869083 1
0.115700 1
0.605566 1
0.138400 1
0.099318 1
1.338476 1
0.503477 1
0.075210 1
0.130028 1
0.608311 1
0.451626 1
0.395464 1
0.094548 1
0.560276 12
1.538670 1
0.088548 1
0.196607 9
0.360441 11
0.005335 228
0.001298 30
0.000027 62
0.002947 226
0.000297 57
0.488865 1
0.082470 1
0.074097 11
0.004553 228
0.000944 49
0.000263 30
0.000097 62
0.003212 226
0.000206 57
1.619098 11
0.000135 30
0.000094 62
0.003868 226
0.000234 8
0.000011 49
0.108203 11
0.000157 30
0.000050 62
0.004033 226
0.000169 8
0.000015 49
0.130801 11
0.000115 30
0.000064 62
0.003270 226
0.000206 8
0.000016 49
0.713977 1
0.095388 1
0.074918 1
0.091940 1
0.071780 1
0.038588 11
0.004456 228
0.001954 11
0.000176 30
0.000088 62
0.003345 226
0.000201 8
0.000021 49
4.628110 1
0.096694 1
0.092918 1
0.060990 1
0.090120 1
1.251499 1
0.135830 1
0.493486 1
0.146411 1
0.184247 1
0.366875 1
0.088059 1
0.120485 1
0.145645 1
0.131193 1
0.494353 1
0.192461 1
0.417036 1
0.116127 1
0.611096 1
0.078900 1
0.638772 1
0.096506 1
0.319123 1
0.291156 1
0.099676 1
0.083124 1
0.190482 1
0.259846 7
0.805668 11
0.005861 228
0.329608 230
0.003149 12
0.000228 45
0.001467 30
0.000055 62
0.002863 226
0.000181 8
0.000010 49
33.072126 1
0.077632 1
0.198525 1
0.082194 1
0.154698 1
0.164395 11
0.005413 228
0.003560 781
0.000341 30
0.000095 62
0.002844 226
0.000170 57
4.942357 1
0.150344 1
0.135345 1
0.158724 1
0.167086 1
0.247767 1
0.058606 1
0.076426 1
0.162061 1
0.137236 1
0.128991 11
0.004912 228
0.001137 53
0.000210 30
0.000064 62
0.002857 226
0.000141 8
0.000013 49
4.594207 1
0.076641 1
0.097539 1
0.125566 1
0.092295 1
0.070172 1
1.227246 1
0.070631 1
0.210341 1
0.191488 1
0.359666 11
0.005385 228
0.002579 139
0.000246 30
0.000090 71
0.003024 226
0.000321 8
0.000015 49
1.134344 1
0.062668 1
0.139566 1
0.011296 1
0.089112 1
0.630590 1
0.089920 1
0.068457 1
0.137986 1
0.203055 1
0.087411 1
0.102946 1
0.160707 1
0.173755 1
0.143806 1
0.116828 1
0.074647 1
0.209511 1
0.201928 1
0.411400 1
0.165627 1
0.145969 11
0.004599 228
0.334226 230
0.028221 37
0.499743 25
0.176971 113
0.015403 45
0.002275 30
0.000117 62
0.004106 226
0.000152 8
0.000010 49
45.065589 1
1.549256 1
5.154410 3
0.056444 4
0.527793 1
0.357965 4
0.102665 1
0.521063 4
0.073237 1
0.150295 1
0.415542 1
3.154344 4
2.930463 3
0.523178 4
0.513346 3
0.439123 3
0.242539 3
0.148140 4
0.083643 1
3.936871 1
0.174416 1
0.346063 4
0.119187 4
1.897698 3
0.245605 3
0.355398 3
0.161175 4
0.458831 1
0.186255 1
0.232022 1
1.077778 4
1.469727 3
0.532495 3
0.223054 4
4.854537 3
0.723276 4
1.043437 3
0.513816 3
0.722637 4
0.737899 3
1.537779 14
0.000912 30
0.000015 62
0.004034 226
0.000335 8
0.000014 49
2.133286 1
0.087602 1
0.063871 1
0.349370 1
0.202170 1
0.259326 1
0.167693 1
0.210227 1
0.073316 1
0.143234 11
0.005143 228
0.002911 92
0.003291 226
0.000208 57
5.182817 1
0.113276 1
0.189144 1
0.302955 1
1.203349 4
0.426873 1
3.205945 1
0.081077 1
0.059432 1
0.599964 1
1.080302 11
0.005392 228
0.002962 11
0.000027 487
0.000013 749
0.000010 438
0.000011 272
0.000362 30
0.000082 62
0.003160 226
0.000222 8
0.000014 49
7.022555 1
0.168666 1
0.373784 4
0.096134 1
0.144707 1
0.191406 1
0.166071 1
0.093797 1
0.175142 1
0.268736 1
0.814586 1
0.094877 1
0.167572 1
0.127964 1
0.054727 1
0.096957 11
0.005473 228
0.001715 144
0.000297 30
0.000051 62
0.003401 226
0.000245 8
0.000014 49
4.785773 1
0.094709 1
0.169023 1
0.099687 1
0.076652 1
0.212869 1
0.093935 1
0.139728 1
0.088543 1
0.096615 1
0.098454 1
0.171369 1
0.285369 1
0.285542 1
0.203158 1
0.161041 1
0.065334 1
0.249798 1
0.473338 1
0.392639 1
1.001734 1
5.008457 11
0.004855 228
0.341746 230
0.002412 45
0.001475 30
0.000064 62
0.002825 226
0.000152 8
0.000010 49
0.593421 1
0.094023 1
0.116809 1
0.065106 1
0.055526 1
0.199326 1
0.073471 1
0.220214 1
0.146437 1
0.106951 1
0.244155 1
0.380508 1
0.110851 1
0.168556 1
0.200632 1
0.165530 1
0.111792 1
0.154088 1
0.124908 1
0.132153 1
0.383060 1
0.185308 1
0.263961 1
0.197385 1
0.075869 1
0.573537 1
0.116155 1
0.124104 1
0.210380 1
0.086185 11
0.005380 228
0.036501 230
0.003944 45
0.001467 30
0.000106 62
0.003055 226
0.000163 8
0.000011 49
1.505521 1
0.074801 1
0.183716 1
0.091295 1
0.083823 1
0.334548 1
1.706635 1
0.120280 1
0.480398 1
0.213142 1
0.183693 1
1.277902 1
0.115107 1
0.172618 1
0.560525 1
0.076269 1
0.141317 1
0.225479 1
0.125655 1
0.135720 1
0.147326 2
0.000016 9
0.005187 228
0.001216 30
0.000078 62
0.003226 226
0.000225 57
257.817078 1
0.093008 1
0.116910 1
0.045409 1
0.072765 1
0.394386 1
0.315086 1
0.578657 1
0.190149 1
0.128633 1
0.129383 1
0.154370 1
0.144356 1
0.380297 1
0.143726 1
0.188347 1
0.190785 1
0.193018 1
0.088101 1
0.428109 1
0.144294 1
0.112754 1
0.195426 1
0.351438 1
0.265802 11
0.005342 228
0.360080 230
0.097867 111
0.057152 45
0.002013 30
0.000117 62
0.003975 226
0.000239 8
0.000014 49
1.156699 1
0.100078 1
0.115969 1
0.069470 1
0.090686 1
1.173224 1
0.152097 1
0.330482 1
0.074507 11
0.004644 228
0.039965 230
0.008783 78
0.044608 45
0.002002 30
0.000103 62
0.003392 226
0.000166 8
0.000010 49
1.904664 1
0.140888 1
0.113327 1
0.280312 1
0.125998 1
0.979904 1
0.118255 1
0.984796 1
0.231465 1
0.167705 1
0.187155 1
0.238898 1
0.159533 1
0.594472 1
1.375510 1
0.193540 1
0.632171 1
0.182595 1
0.083708 1
0.186957 1
0.092919 1
0.052392 1
0.092568 1
0.798855 1
0.138330 1
0.338727 1
0.165120 1
0.173444 1
0.070250 1
0.339646 1
0.185135 1
0.165818 1
0.350593 1
0.439629 1
1.149519 11
0.005066 228
0.347706 230
0.061097 49
0.022568 45
0.002025 30
0.000100 62
0.003731 226
0.000153 8
0.000018 49
0.577937 1
0.206899 1
0.244722 1
0.084403 11
0.005072 228
0.003261 74
0.001786 58
0.000034 199
0.000837 30
0.000082 71
0.003642 226
0.000213 57
1.112334 3
0.469958 3
0.308198 5
0.075882 5
0.104100 5
0.048981 5
0.060611 5
0.219336 2
0.000014 9
0.004997 228
0.037220 230
0.009774 92
0.036200 45
0.002197 30
0.000130 62
0.003534 226
0.000152 8
0.000012 49
2.198386 11
0.000149 30
0.000919 62
0.002893 226
0.000237 8
0.000027 49
0.100043 11
0.000154 30
0.000044 62
0.003524 226
0.000184 8
0.000018 49
2.049228 1
0.079532 1
0.215410 1
0.706455 1
0.118029 1
1.291787 1
0.902184 1
0.867047 1
0.219650 1
0.112238 1
0.123940 1
0.170165 1
0.108705 1
0.228226 1
0.357510 1
0.214599 1
0.186213 1
0.875387 1
0.088311 1
0.107793 1
0.804065 1
0.162008 1
0.191799 1
0.118966 1
0.151949 1
0.254720 1
0.344426 1
0.248400 1
0.191412 1
0.158815 1
0.180588 1
0.442060 1
0.167003 1
0.142068 1
0.161093 1
0.109748 1
0.038395 1
0.076667 1
0.116181 1
0.561035 1
0.180060 1
0.230643 1
0.203105 1
0.118114 1
0.308177 1
0.102645 1
0.061393 1
0.065786 1
0.632829 11
0.005255 228
0.355413 230
0.040648 39
0.045776 45
0.001858 30
0.000101 62
0.003496 226
0.000191 8
0.000010 49
0.463563 1
0.085783 1
0.091855 1
0.067392 1
0.038412 1
1.013659 1
1.039269 1
0.041562 1
0.309915 11
0.005256 228
0.038041 230
0.009787 186
0.033454 45
0.002092 30
0.000098 62
0.003664 226
0.000157 8
0.000008 49
1072.941922 1
0.098647 1
0.104838 1
0.065444 1
0.085906 1
0.527579 1
0.123042 1
0.428519 1
0.338388 1
0.472330 1
0.088780 1
0.235649 1
0.185810 1
1.250667 1
0.087476 1
0.120318 1
1.229686 1
0.280272 4
0.049260 1
0.160066 1
0.150861 1
0.103353 1
0.295747 1
0.807511 4
0.421975 1
0.152535 1
0.594456 1
0.229340 1
0.132351 1
0.209233 1
0.109422 1
0.070797 1
0.083284 1
0.333201 1
0.608518 1
0.736235 1
0.417006 1
0.191636 1
0.099532 1
0.182251 1
0.102431 1
0.071914 1
0.065422 1
0.071142 11
0.004938 228
0.128817 19
2.974472 2
0.059031 234
0.002297 28
0.003384 52
0.078925 60
0.000223 275
0.000102 32
0.000140 44
0.001141 32
0.000011 6
0.000628 59
0.000028 10
0.000133 10
0.051540 8
0.000566 45
0.001978 30
0.000098 62
0.003052 226
0.000248 8
0.000014 49
0.687117 1
0.071916 1
0.105900 1
0.038681 1
0.107601 1
0.191164 1
0.065987 1
0.137336 1
0.124545 1
0.045466 1
0.080119 1
0.051832 1
0.135198 1
0.089478 1
0.108434 11
0.004164 228
0.032334 234
0.137501 288
0.002231 45
0.002050 30
0.000076 62
0.003400 226
0.000157 8
0.000009 49
10.915565 1
0.092291 1
0.253138 1
0.076020 1
0.264954 1
0.461434 1
0.114487 1
0.060514 1
0.159481 1
0.109705 1
0.048948 1
0.181088 1
0.727049 1
0.192036 1
0.590474 1
0.451731 1
0.263013 1
0.670897 1
0.122498 1
0.178097 1
0.187973 1
0.090774 1
0.198386 1
0.108416 1
0.100475 1
0.070088 1
3.532867 11
0.005660 228
0.033265 234
0.224861 126
0.001276 45
0.001975 30
0.000082 62
0.003222 226
0.000157 8
0.000007 49
7.109461 1
0.117125 1
0.150655 1
0.071238 1
0.064118 1
0.274300 1
0.180606 1
0.101361 1
0.271508 1
0.127792 1
0.111632 1
0.189597 1
0.499024 1
0.117167 1
0.119424 1
0.106984 1
0.509912 4
0.114298 1
0.119200 1
0.083211 1
0.083967 1
0.099242 1
0.087321 1
0.179641 1
0.168506 1
0.103702 1
0.197870 11
0.005593 228
0.031792 234
0.026217 51
0.005438 126
0.000739 45
0.001918 30
0.000078 62
0.003541 226
0.000159 8
0.000008 49
12.515501 1
0.174680 1
0.271879 4
0.208532 1
0.170517 1
0.067240 1
0.064053 1
0.371946 1
0.077583 1
0.143434 1
0.080619 1
0.112107 1
0.111497 1
0.138805 1
0.931545 1
0.136875 1
0.095922 1
0.105719 1
0.192167 1
0.105826 1
0.211337 1
0.108570 1
0.091904 1
0.088039 1
0.297836 1
0.445376 1
0.297954 1
0.129938 1
1.075865 11
0.005176 228
0.039227 234
0.003100 45
0.001817 30
0.000096 62
0.003268 226
0.000154 8
0.000008 49
0.813025 1
0.061151 1
0.136896 1
0.054988 1
0.055097 1
0.208342 1
0.170043 1
0.118125 1
0.145587 1
0.087476 1
0.102427 1
0.146917 1
0.477835 1
0.171598 1
0.214978 1
0.307570 1
1.109278 4
0.216044 1
0.838107 1
0.205229 1
0.220779 1
0.372122 7
1.494606 1
0.101663 1
0.225026 8
1.133275 1
0.163374 1
0.137692 1
0.089013 1
0.108021 1
0.314670 1
0.065967 1
0.384519 9
0.372793 11
0.005324 228
0.032753 234
0.028876 45
0.002625 30
0.000097 62
0.006186 226
0.000529 8
0.000017 49
2.506705 1
0.119951 1
0.146035 1
0.140543 1
0.096031 1
0.139460 1
0.149955 1
0.506560 3
0.123056 3
0.518566 5
0.126297 5
0.512230 1
0.110094 1
0.176535 1
0.083036 1
0.128594 1
0.148436 1
0.519710 1
0.088503 1
0.157764 1
0.060586 1
0.647682 1
0.499771 1
0.332816 4
0.151893 1
0.163230 1
0.204495 1
0.202059 1
0.071666 1
0.144864 1
0.117264 11
0.005263 228
0.001945 102
0.000338 30
0.000110 62
0.003213 226
0.000194 8
0.000014 49
142.611361 1
0.077707 1
0.427145 1
0.108281 1
0.270838 1
1.167761 1
0.223279 1
0.177436 1
0.395138 1
0.760706 1
0.157977 1
0.148579 1
0.400978 1
0.838437 1
0.349459 1
0.256650 1
0.579377 1
0.413440 1
0.191343 1
0.553984 1
0.114856 1
0.102354 1
0.261515 1
0.115678 1
0.066851 1
0.115374 1
0.262019 1
0.084758 1
0.179570 1
0.176855 1
0.095899 1
0.093596 1
0.839779 1
0.183780 1
0.263135 1
0.130944 1
0.091503 1
0.083857 1
1.906018 1
0.215059 1
0.187628 1
0.179826 1
0.133903 1
0.119172 1
0.288216 1
0.368433 1
0.072490 1
0.177474 1
3.069370 11
0.005368 228
0.059799 234
0.077601 45
0.001846 30
0.000156 62
0.003711 226
0.000290 8
0.000008 49
23.925655 1
0.066971 1
0.115827 1
0.163624 1
0.190480 1
0.140690 1
0.088774 1
0.101240 1
1.436147 1
0.077419 1
0.210038 9
0.416535 11
0.004658 228
0.076434 48
0.000332 30
0.000116 62
0.004085 226
0.000265 57
3.071286 1
0.106784 1
0.094467 1
0.124699 1
0.113104 1
0.183919 1
0.073744 1
0.428187 1
0.231997 1
0.144190 1
0.123163 1
0.194632 1
0.177091 1
0.109828 1
0.117719 1
0.082182 1
0.081932 1
0.066003 1
0.371424 11
0.004717 228
0.001533 97
0.000269 30
0.000036 71
0.003333 226
0.000209 8
0.000015 49
1.184783 18
6.344875 1
0.315990 1
0.214383 4
0.163138 4
0.139510 4
0.147107 4
0.430135 4
0.154696 4
0.338384 1
0.168758 1
0.334113 1
0.276511 1
0.788337 4
0.158943 4
0.139556 4
0.146699 4
0.151042 4
0.160390 4
0.266672 1
0.201677 4
0.145506 4
0.587210 1
0.143772 1
0.176828 1
0.213362 1
0.124453 1
0.067876 1
0.157791 1
0.195416 1
0.110943 1
0.097271 1
0.106153 1
0.062011 1
0.063543 1
0.262392 2
0.000018 9
0.005504 228
0.001189 58
0.000019 17
0.000264 30
0.000093 71
0.002652 226
0.000226 8
0.000021 49
0.869835 18
0.492372 18
0.145672 5
0.082870 5
0.093260 5
0.063581 5
0.057987 5
0.246402 11
0.004762 228
0.035511 234
0.005741 95
0.000284 45
0.001565 30
0.000089 62
0.003249 226
0.000166 8
0.000007 49
5.250169 23
1.159257 26
2.618910 1
0.100745 1
0.095482 1
0.061176 1
0.069381 1
0.344258 1
0.093844 1
0.099105 1
0.126029 1
0.117169 1
0.412986 1
0.211573 1
0.611930 1
0.917652 1
0.119532 1
0.090849 1
0.113282 1
0.143009 1
0.107454 1
0.145619 1
0.109064 1
0.064093 1
0.058624 1
0.370917 1
0.193303 1
0.067853 1
0.207691 1
0.241848 1
0.196584 1
0.097964 1
0.152146 1
0.088531 1
0.055893 1
0.082909 1
0.055389 11
0.004871 228
0.037664 234
0.005135 45
0.001657 30
0.000119 62
0.003063 226
0.000324 8
0.000008 49
1.368680 1
0.056746 1
0.105252 1
0.043711 1
0.060501 1
0.601022 1
0.331030 1
0.135670 1
0.209873 1
0.165189 1
0.343401 1
0.144411 1
0.688555 4
0.139867 4
0.137206 4
0.149129 4
0.132778 4
0.197973 4
0.164997 1
0.084553 1
0.297252 1
0.116910 1
0.189148 1
0.156875 1
0.555241 1
0.301197 1
0.209618 1
0.304529 1
0.461562 1
0.417617 1
0.298478 1
0.127061 1
0.156889 1
0.080475 1
0.194963 1
0.122272 1
0.104347 1
0.132972 1
0.193702 1
0.115780 1
0.112525 1
0.093600 1
0.065362 1
0.065144 1
0.364299 1
0.569855 1
0.355990 1
0.234017 4
0.199837 1
0.419530 1
0.148401 1
0.086217 1
0.095420 1
0.488344 1
0.069732 1
0.142145 1
0.089754 1
0.074098 1
0.071226 1
0.142090 1
0.725287 1
0.066205 1
0.140987 1
0.292828 11
0.005081 228
0.033020 234
0.066038 45
0.002040 30
0.000122 62
0.003800 226
0.000159 8
0.000007 49
2.236232 1
0.101143 1
0.070593 1
0.267252 1
0.171102 1
0.154273 1
0.122383 1
0.102707 1
0.193161 1
0.080249 1
0.122252 1
0.097258 1
0.055196 1
0.068038 1
0.205029 1
0.209345 1
0.044473 1
0.128446 1
0.097225 11
0.004685 228
0.001211 58
0.000020 17
0.000252 30
0.000076 71
0.003355 226
0.000227 57
1.224223 18
0.379165 18
0.218843 5
0.062933 5
0.124766 5
0.107371 5
0.459604 5
0.224616 5
0.098112 5
0.197205 11
0.004454 228
0.039613 234
0.001987 107
0.000207 45
0.001638 30
0.000106 62
0.003321 226
0.000178 8
0.000012 49
49.762162 1
0.069399 1
0.103516 1
0.061348 1
0.039803 1
0.350261 1
0.031170 1
0.318346 1
1.418734 1
0.232025 1
0.186219 1
0.156251 1
0.115419 1
0.269146 1
0.111814 1
0.095634 1
0.319132 1
0.337411 4
0.167068 1
0.199517 1
0.095929 1
0.117010 1
0.067288 1
0.069475 1
0.084047 1
1.319243 1
0.705476 1
0.169880 1
0.448273 4
0.038310 1
0.146371 1
0.144589 1
0.130701 1
0.251844 1
0.104996 1
0.093394 1
0.218017 1
0.662265 1
0.229726 1
0.118057 1
0.117172 1
0.059776 1
0.096670 1
0.238045 1
0.198457 1
0.151406 1
0.094466 1
1.020378 11
0.005135 228
0.033793 234
0.004893 45
0.001752 30
0.000104 62
0.003203 226
0.000270 8
0.000008 49
1.002278 1
0.065700 1
0.104731 1
0.045514 1
0.054103 1
0.222447 1
0.080207 1
0.187017 1
0.122491 1
0.089494 1
0.268077 1
0.462009 1
0.114032 1
0.128361 1
0.161211 1
0.073354 1
0.469489 1
0.087564 1
0.113539 1
0.381916 1
0.304582 1
0.079800 1
0.104879 1
0.078157 1
0.079986 1
0.092660 1
0.586012 11
0.004761 228
0.039215 234
0.002555 45
0.001539 30
0.000084 62
0.003181 226
0.000163 8
0.000008 49
6.650644 1
0.084703 1
0.085204 1
0.074116 1
0.067857 1
0.236567 1
0.238607 1
0.127451 1
0.113183 1
0.128205 1
0.088153 1
0.085681 1
0.196558 1
0.199503 1
0.133552 1
0.064171 1
0.110820 1
0.140637 1
0.094021 1
0.218643 1
0.098154 1
0.071859 1
0.078215 1
0.150432 1
0.188922 1
0.077320 1
0.149605 1
0.322632 11
0.004707 228
0.032047 234
0.055669 45
0.002025 30
0.000084 62
0.003511 226
0.000176 8
0.000015 49
0.133951 1
0.113726 1
0.081033 1
0.068800 1
0.061697 1
0.573992 1
0.106369 1
0.113852 1
0.134041 1
0.064963 1
0.512947 1
3.450179 1
0.179559 1
0.157026 1
0.289681 1
0.403052 1
0.736299 1
0.288750 4
0.121806 4
0.179968 1
0.077210 1
0.261051 1
0.588172 1
0.388757 1
0.092005 1
0.147456 5
1.221205 1
0.258153 1
0.326264 1
0.183732 1
0.168468 1
0.311777 1
0.076055 1
0.070360 1
0.080715 1
0.605872 1
0.284284 1
0.123001 1
0.141663 1
0.162482 1
0.122764 1
0.234139 1
0.130810 1
0.116553 1
0.144503 1
0.162232 1
0.104771 1
0.091322 1
0.127761 1
0.103080 1
0.082930 1
0.379222 11
0.005035 228
0.030881 234
0.014675 45
0.001924 30
0.000153 62
0.004407 226
0.000317 8
0.000013 49
0.247584 1
0.106171 1
0.101532 1
0.065081 1
0.071074 1
0.288003 1
0.112220 1
0.067450 1
0.154305 1
0.097844 1
0.187884 1
1.122084 1
0.242875 1
0.124428 1
0.359574 4
0.178807 1
0.104063 1
0.873267 1
0.171972 1
0.130752 1
0.129869 1
0.182141 1
0.096363 1
0.165322 1
0.059187 1
0.127912 1
0.102966 1
0.050588 1
0.068904 1
0.073762 11
0.004509 228
0.032908 234
1.538046 45
0.002438 30
0.000131 62
0.003510 226
0.000177 8
0.000007 49
3.571877 1
0.117900 1
0.152784 1
0.108000 1
0.239647 1
0.324338 1
0.432465 1
0.232691 1
0.523399 3
0.469561 5
0.410756 1
0.118707 1
0.158554 1
0.106187 1
0.104639 1
0.102613 1
0.208406 1
0.093302 1
0.104176 1
0.082120 1
0.075246 1
0.081285 1
1.446948 11
0.004764 228
0.005379 133
0.000339 30
0.000117 62
0.003226 226
0.000176 57
4.233074 1
0.072270 1
0.120958 1
0.020677 1
0.557855 1
0.165704 1
0.066761 1
0.118146 1
0.113511 1
0.072570 1
0.063198 1
0.260150 1
0.150113 1
0.071302 1
0.095877 1
0.135669 1
0.093041 1
0.165140 11
0.005211 228
0.032853 234
0.182804 290
0.000017 209
0.000025 122
0.002374 45
0.001715 30
0.000110 62
0.003505 226
0.000180 8
0.000009 49
524.563686 1
0.075411 1
0.118223 1
0.069610 1
0.085341 1
0.399682 1
0.157410 1
0.659819 1
0.326637 1
0.107317 1
0.543530 1
0.944349 1
0.235051 1
0.430229 1
0.256722 1
0.385726 1
0.215074 1
0.274580 1
0.299721 1
0.574838 1
0.312407 1
0.613816 1
0.082026 1
0.209354 1
0.267569 1
0.089013 1
0.103013 1
0.227179 1
0.255082 1
0.222141 1
0.391411 1
0.204606 1
0.146778 1
0.135839 1
1.813966 1
0.343168 1
0.217911 1
0.323328 1
0.926769 1
0.355791 1
0.202165 1
0.400096 1
0.233400 1
0.136363 1
0.141915 1
0.090871 1
0.346013 1
24.531282 1
0.285350 1
0.468262 1
0.370719 1
0.606163 11
0.005465 228
0.131879 19
3.146117 2
0.062571 234
1.813915 127
0.000412 45
0.001730 30
0.000102 62
0.003456 226
0.000182 8
0.000008 49
229.435088 1
0.084887 1
0.107238 1
0.082132 1
0.048748 1
0.411315 1
0.126946 1
0.180689 1
0.247296 1
0.192827 1
0.273614 1
0.056643 1
0.095384 1
0.162170 1
0.155380 1
0.364339 1
0.335101 1
0.351475 1
0.122486 1
0.112219 1
0.122075 1
0.521259 1
0.032446 1
0.133765 1
0.317561 1
0.069481 1
0.083246 1
0.411661 1
0.223789 1
0.242145 1
0.638485 1
0.178253 1
0.081552 1
0.134711 1
0.868518 11
0.005409 228
0.033854 234
0.004622 12
0.000272 45
0.001661 30
0.000078 62
0.003125 226
0.000211 8
0.000015 49
44.362509 1
0.081308 1
0.091853 1
0.058508 1
0.069700 1
0.316517 1
0.226764 1
0.595118 1
0.173521 1
0.123205 1
0.129124 1
0.148748 1
0.117192 1
0.448290 1
0.945356 1
0.131729 1
0.157721 1
0.147293 1
0.076256 1
0.302833 1
0.148605 1
0.116836 1
0.107798 1
0.747658 1
0.750493 11
0.006023 228
0.027072 234
0.011332 54
0.093498 45
0.001955 30
0.000107 62
0.003773 226
0.000185 8
0.000009 49
0.788614 1
0.083676 1
0.078093 1
0.053726 1
0.092056 1
0.990483 1
0.180204 1
0.300532 1
0.189144 1
0.122612 1
0.098133 1
0.153963 1
0.104029 1
0.161534 1
0.457388 1
0.286301 1
0.249723 1
0.303274 1
0.145771 1
0.143371 1
0.297819 1
0.114807 1
0.172147 1
0.721092 1
0.102330 1
0.156449 1
0.150980 1
0.066072 1
0.283134 1
0.146796 1
0.134198 1
0.091400 1
0.209703 1
0.179449 11
0.005458 228
0.033888 234
0.062915 48
0.038246 45
0.002027 30
0.000050 62
0.003819 226
0.000210 8
0.000007 49
0.860650 1
0.090786 1
0.076220 1
0.081749 1
0.064928 1
1.096491 1
0.306144 1
0.622314 1
0.219271 1
0.111307 1
0.119054 1
0.147686 1
0.087690 1
0.109678 1
0.147041 1
0.356629 1
0.214892 1
0.619123 1
0.308221 1
0.180785 1
0.206312 1
0.141745 1
0.196674 1
0.479727 1
0.364325 1
0.270255 1
0.198419 1
0.166803 1
0.136535 1
0.224660 1
0.268026 1
0.141303 1
0.435352 1
0.186504 1
0.310473 1
0.274095 1
0.168327 1
0.146879 1
0.213137 1
0.074654 1
0.542898 11
0.005010 228
0.042653 234
0.032602 38
0.042630 45
0.002185 30
0.000073 62
0.003833 226
0.000264 8
0.000010 49
6.976910 1
0.062973 1
0.099253 1
0.052772 1
0.055568 1
0.310631 1
0.067463 1
0.107954 1
0.429672 4
0.043016 1
0.108821 1
0.313601 1
0.342320 1
0.168774 1
0.171264 1
0.771422 1
0.217324 1
1.330022 1
0.141291 1
0.177667 1
0.146391 1
0.073294 1
0.471995 1
0.223323 1
0.222040 1
0.208277 1
0.168108 1
0.192964 1
0.195387 1
0.108356 1
0.246549 1
0.213729 1
0.545410 1
0.714561 4
0.126059 4
0.138201 4
0.239969 1
0.246149 1
0.321943 1
0.533036 1
0.458498 1
0.162732 1
0.371163 1
0.467478 1
0.091903 1
2.519768 11
0.005630 228
0.037532 234
0.002450 28
0.002666 52
0.060836 60
0.000203 258
0.000055 28
0.000034 40
0.000669 32
0.000032 6
0.000390 65
0.000129 6
0.048438 8
0.000551 45
0.001730 30
0.000116 62
0.003531 226
0.000176 8
0.000007 49
2.722292 1
0.108987 1
0.116607 1
0.050489 1
0.336249 1
0.193517 1
0.087556 1
0.331111 1
0.093607 1
0.060733 1
0.228595 1
0.220645 1
0.105069 1
0.151716 1
0.194229 1
0.162603 1
0.092947 1
0.142676 1
0.142382 1
0.073606 1
0.670858 1
1.683452 1
0.100872 1
0.060313 1
0.146744 1
0.200792 1
0.257011 1
0.278798 1
0.167709 1
0.094771 1
0.106900 1
0.698697 2
0.000017 9
0.004656 228
0.033398 234
0.003358 45
0.001592 30
0.000115 62
0.003339 226
0.000162 8
0.000010 49
0.437090 1
0.085519 1
0.179401 1
0.091870 1
0.155520 1
0.479925 1
0.066692 1
0.589612 1
0.169713 1
0.092924 1
0.359036 1
2.748780 1
0.906827 4
0.685564 1
0.484024 1
1.022692 1
1.002187 4
0.132021 4
0.156962 4
1.700267 1
0.379676 1
0.580053 1
0.568878 1
0.851009 1
0.100132 1
0.071627 1
0.107908 1
0.177892 1
0.182671 1
0.243161 1
0.172976 1
0.088643 1
0.058626 1
0.334578 11
0.004942 228
0.038035 234
0.003450 45
0.001626 30
0.000117 62
0.003159 226
0.000166 8
0.000015 49
67.769232 1
0.069538 1
0.091050 1
0.038658 1
0.065509 1
0.211732 1
0.089209 1
0.097117 1
0.124365 1
0.080609 1
0.255827 1
0.390770 1
0.536344 1
0.272531 1
0.430733 4
0.118831 4
0.221601 1
0.127631 1
0.070274 1
0.077117 1
0.313684 1
0.146897 1
0.141841 1
0.179819 1
0.124416 1
0.180907 1
0.194147 1
0.121587 1
0.151826 1
0.075521 1
2.003995 11
0.005686 228
0.030302 234
0.002565 45
0.001896 30
0.000158 62
0.003422 226
0.000289 8
0.000016 49
2.219623 1
0.094889 1
0.067760 1
0.123235 1
0.185945 1
0.129082 1
0.073211 1
0.110946 1
0.735332 1
0.164625 1
0.117134 1
0.176148 1
0.140191 1
0.169188 1
0.148013 1
0.108321 1
0.123428 1
0.081341 1
0.051317 11
0.004882 228
0.001293 30
0.000071 62
0.002815 226
0.000228 8
0.000016 49
0.925141 11
0.000155 30
0.000083 62
0.004085 226
0.000258 57
0.084999 11
0.000124 30
0.000026 62
0.004057 226
0.000241 57
1.530596 1
0.094786 1
0.048991 1
0.119979 1
0.077271 1
0.069827 11
0.005365 228
0.001929 11
0.000197 30
0.000081 62
0.003272 226
0.000238 8
0.000016 49
0.626083 1
0.077154 1
0.079028 1
0.067015 1
0.044231 1
0.172330 1
0.303521 1
0.092040 1
0.086027 1
0.425996 1
0.442827 1
0.211008 1
0.291671 1
0.280278 1
0.190462 1
0.105936 1
0.183325 1
0.072364 1
0.199550 1
0.118239 11
0.005500 228
0.030169 234
0.043170 80
0.000667 61
0.003347 83
0.003733 2703
0.002700 2668
2.312802 24
0.000020 94
0.308158 30
0.320498 77
0.360731 77
1.009155 38
0.116748 38
0.111460 38
0.092864 48
0.204421 38
1.878173 75
0.452680 53
0.306290 30
0.201158 30
0.506940 31
1.863582 39
0.116762 39
0.037241 39
0.142648 32
0.400240 39
0.146787 39
0.213594 39
0.236274 39
0.130543 39
0.206361 39
0.190512 39
0.111850 39
0.141456 39
0.064461 40
1.222712 52
0.622188 30
0.041883 30
0.040326 30
0.039175 30
0.040543 30
0.040155 30
0.039815 30
0.040662 30
0.039233 31
0.039964 30
0.040334 30
0.320641 30
0.287451 31
0.164929 31
0.154145 31
0.597574 31
0.071459 52
0.239988 30
0.571214 31
0.040581 30
0.040412 30
0.039203 30
0.039888 30
0.319855 30
0.400477 31
0.155125 31
0.225959 31
0.130329 31
0.189574 31
0.139164 31
0.071026 32
0.188158 60
0.088999 39
2.964386 31
0.084995 31
0.818665 31
0.273239 31
0.097011 31
0.144511 31
0.085069 51
0.735904 32
0.668396 33
1.190415 30
0.630347 33
0.038835 46
0.040066 48
0.040121 48
0.040195 48
0.039557 48
0.040046 48
0.039707 48
0.040278 48
0.039994 48
0.039881 49
0.040158 48
0.040193 48
0.241440 60
0.626075 48
0.630756 48
0.041763 48
0.039771 48
0.039806 48
0.040984 48
0.039120 48
0.040174 48
0.039421 49
0.040448 48
0.040192 48
0.039955 48
0.039745 48
0.040405 48
0.040057 48
0.038924 48
0.041263 48
0.039219 48
0.040519 49
0.039348 48
0.040567 48
0.039927 48
0.039948 48
0.040380 48
0.039777 48
0.039842 48
0.040070 48
0.040256 48
0.039786 49
0.039578 48
0.040418 48
0.040011 46
0.039970 289
0.040350 46
0.039165 46
0.040242 46
0.039944 46
0.039951 46
0.040530 47
0.039825 46
1.409859 47
0.467090 45
0.483524 43
6.887525 60
0.119248 41
0.136521 56
0.299594 47
0.300754 45
0.423975 41
0.146649 56
1.669433 41
0.100471 18
0.000124 38
0.744891 26
0.000115 47
2.469019 25
0.000162 46
0.277018 25
0.000158 43
0.671042 23
0.000020 98
0.406132 45
4.481516 46
0.720503 49
2.295733 44
2.290848 33
0.211326 33
1.108773 33
0.607758 31
0.041344 46
0.040531 48
0.039991 48
0.039670 48
0.039473 48
0.041060 48
0.039537 48
0.039735 48
0.040494 49
0.040128 48
0.039552 48
0.039871 48
0.039989 48
0.039746 48
0.040864 48
0.039495 48
0.040029 48
0.040617 48
0.039562 49
0.040040 48
0.040108 48
0.040357 48
0.039872 48
0.039290 48
0.039848 48
0.040333 48
0.040044 48
0.040361 48
0.039390 49
0.040248 48
0.040400 48
0.040528 48
0.038888 48
0.039795 48
0.040571 48
0.039949 48
0.040183 48
0.039691 48
0.039843 49
0.040107 48
0.039624 48
0.040494 40
0.040388 516
0.040565 46
0.038932 46
0.039995 46
0.039807 46
0.040001 46
0.039968 47
0.039982 46
0.040344 47
0.039054 47
0.216076 58
0.133680 56
1.194781 47
0.383980 45
0.110805 43
12.844490 43
0.100457 19
0.000044 39
17.486713 50
1.260064 1
0.031906 1
0.760938 21
0.000112 12
0.002328 31
0.000804 70
0.002589 45
0.001983 30
0.000129 62
0.003242 226
0.000372 8
0.000009 49
1.128669 1
0.070183 1
0.075637 1
0.062555 1
0.063047 1
0.568445 1
0.134152 1
0.773457 4
0.108542 4
0.230475 1
0.081127 1
0.088167 1
0.144772 1
0.097336 1
0.085239 1
0.179303 1
0.205878 1
0.041563 1
0.102703 1
0.375768 1
0.274177 4
0.057893 1
0.117392 1
0.257681 1
0.279878 1
0.087870 1
0.076863 1
0.142724 1
0.190596 1
0.095404 1
0.119390 1
0.127705 1
0.038111 1
0.100239 1
0.100155 11
0.005653 228
0.035013 234
0.500799 45
0.002254 30
0.000155 62
0.004083 226
0.000165 8
0.000010 49
425.184250 1
0.070921 1
0.131004 1
0.071735 1
0.075216 1
0.073217 1
0.077846 11
0.005713 228
0.544518 4003
0.002289 30
0.000105 62
0.003480 226
0.000212 8
0.000014 49
0.651846 1
0.095530 1
0.133751 1
0.078577 1
0.057466 1
0.085682 1
0.066075 1
0.626385 1
0.081794 1
0.146070 1
0.078171 1
0.129540 1
0.106561 1
0.361785 1
1.596603 1
0.112651 1
0.330713 1
0.099692 1
0.082666 1
0.099628 1
0.468864 1
0.180378 1
0.185826 1
0.158573 1
0.183057 1
0.113528 1
0.199053 1
0.288141 1
0.049056 1
0.186548 1
1.010770 1
0.249558 1
0.117055 1
0.087378 1
0.123746 1
0.246991 1
0.166681 1
0.127085 1
0.155268 1
0.168311 1
0.123952 1
0.344821 1
0.119952 1
0.170280 1
0.100018 1
0.165431 1
0.157867 1
0.093679 1
0.214131 1
0.164685 1
0.241173 1
0.149253 1
0.121410 1
0.107760 1
0.154048 1
0.350993 1
0.377344 1
0.098285 1
1.077256 1
0.718675 1
0.231774 1
0.359615 1
0.498888 1
0.201415 1
0.181334 1
0.153058 1
0.210249 1
0.119175 1
0.084755 1
0.115335 1
0.269330 1
0.140144 1
0.428227 1
0.172894 1
0.196835 1
0.288689 1
0.068973 1
0.322529 1
0.385092 1
0.227724 1
0.066530 1
0.212434 1
0.440946 1
0.102284 1
0.230729 1
0.155480 1
0.361879 1
0.641902 1
0.482017 1
0.199091 1
0.254308 1
0.207304 1
0.133075 1
0.080273 1
0.113544 1
0.287842 1
0.178571 1
0.148697 1
0.214980 1
0.297953 1
0.171965 1
0.207310 1
0.116505 1
0.166879 1
0.273605 1
0.813857 1
0.334360 1
0.155408 1
0.114959 1
0.214853 1
0.116796 1
0.235161 1
0.103473 1
0.117558 1
0.234893 3
0.581097 1
0.188871 1
0.173675 1
0.216405 1
0.083860 1
0.291080 1
1.665881 1
0.172268 1
0.839852 1
0.748780 1
0.150292 1
0.214644 1
0.695867 1
0.306909 1
0.349457 1
0.146359 1
0.345914 1
0.342491 1
0.156718 1
1.270047 1
0.188518 1
0.152127 1
0.841144 1
0.818836 1
0.181071 1
0.631106 1
0.219694 1
0.205107 1
0.689650 11
0.005547 228
0.016062 42
2.136656 33
1.439871 47
0.000025 57
0.000014 37
0.000014 11
0.000014 36
0.000043 47
0.000014 25
0.000010 28
0.000009 5
0.000014 36
0.000021 25
0.000014 24
0.000024 41
0.000015 15
0.000014 42
0.000013 37
0.000014 4
0.546927 48
0.100457 25
0.000019 87
0.100216 23
0.000019 87
0.100078 110
0.099361 110
0.000193 24
0.000016 24
0.099595 110
0.100516 110
0.000015 112
0.099344 110
0.000020 112
0.100214 120
0.000015 102
0.100082 110
0.000167 42
0.000017 28
0.000017 88
0.099492 112
0.000012 110
0.100300 24
0.000043 88
0.000010 23
0.000010 87
0.099803 24
0.000025 198
0.099809 24
0.000018 198
0.000016 9
0.000010 101
0.000107 46
0.100471 23
0.000019 221
0.000012 88
0.099215 23
0.000018 111
0.000012 88
0.000009 23
0.000019 87
0.099782 23
0.000021 221
0.000018 88
0.000094 42
0.000010 4
0.099984 220
0.000018 112
0.100620 332
0.000021 110
0.099864 24
0.000015 111
0.000011 87
0.000013 23
0.000010 87
0.000010 23
0.000009 87
0.099719 216
0.000023 116
0.000017 9
0.000013 101
0.099398 112
0.000013 110
0.000010 9
0.000012 97
0.000012 12
0.000013 102
0.100015 110
0.000019 134
0.000013 97
0.000013 97
0.000010 4
0.100550 110
0.000018 217
0.000014 28
0.000013 87
0.099510 23
0.000016 95
0.000011 98
0.000015 12
0.000011 102
0.000020 112
0.099831 23
0.000014 222
0.000010 91
0.000010 19
0.000018 87
0.000018 106
0.000012 4
0.100083 110
0.000022 110
0.000113 43
0.000017 14
0.000013 101
0.000012 10
0.000013 102
0.000022 23
0.000013 87
0.099751 110
0.000018 134
0.000015 88
0.000012 23
0.000013 96
0.000013 97
0.000013 4
0.100533 229
0.000017 211
0.000014 112
0.099315 110
0.000019 220
0.000013 24
0.000012 96
0.000012 15
0.000013 87
0.100372 110
0.000016 135
0.000011 95
0.000009 102
0.000008 110
0.099593 224
0.000019 19
0.000031 96
0.000011 103
0.000010 106
0.000009 4
0.099674 110
0.000022 135
0.000013 87
0.000013 106
0.000012 27
0.000013 87
0.100295 110
0.000031 222
0.000011 110
0.000017 4
0.000009 19
0.000009 87
0.100036 23
0.000014 201
0.000010 106
0.000009 24
0.000009 88
0.000019 23
0.000039 87
0.099295 23
0.000015 91
0.000065 216
0.000007 10
0.000007 14
0.000007 88
0.000018 23
0.000006 87
0.100228 110
0.000020 135
0.000015 96
0.000022 109
0.000008 102
0.100548 231
0.000016 124
0.000014 87
0.000011 9
0.000012 101
0.100208 229
0.000016 211
0.000010 24
0.000009 88
0.099654 119
0.000025 319
0.000015 114
0.099011 133
0.000013 197
0.000022 112
0.000008 8
0.000008 15
0.000009 87
0.100209 110
0.000014 112
0.000020 106
0.000009 8
0.000024 19
0.000013 91
0.000012 19
0.000015 87
0.100473 112
0.000023 133
0.000012 95
0.000010 15
0.000012 87
0.000010 9
0.000011 101
0.099264 110
0.000017 119
0.000012 101
0.000015 24
0.000010 88
0.000011 23
0.000013 87
0.099841 332
0.000012 106
0.000011 12
0.000006 98
0.000006 4
0.100133 110
0.000018 119
0.000024 101
0.000010 9
0.000009 110
0.000008 15
0.000008 88
0.099699 23
0.000017 197
0.000009 110
0.000009 9
0.000008 15
0.000008 88
0.000008 4
0.000008 19
0.000008 87
0.100852 112
0.000016 224
0.000010 106
0.000009 110
0.099992 231
0.000017 124
0.000008 110
0.000009 87
0.000150 48
0.099582 23
0.000019 111
0.000008 88
0.000007 9
0.000008 14
0.000041 110
0.000014 96
0.000009 101
0.099205 9
0.000022 222
0.000009 101
0.000009 106
0.000009 4
0.000019 110
0.099779 110
0.000015 110
0.000139 23
0.000008 23
0.000017 24
0.000035 96
0.000009 102
0.000026 23
0.000008 87
0.100470 23
0.000019 199
0.000011 23
0.000024 96
0.000011 101
0.000012 106
0.000011 4
0.099597 23
0.000017 194
0.000013 13
0.000013 98
0.000011 12
0.000013 15
0.000011 87
0.000012 23
0.000010 87
0.100365 220
0.000013 110
0.000008 23
0.000009 87
0.000027 10
0.000012 102
0.099616 245
0.000035 205
0.000025 102
0.099807 112
0.000019 23
0.000012 95
0.000010 15
0.000011 87
0.000010 8
0.000011 102
0.000010 23
0.000011 87
0.099882 110
0.000019 220
0.000011 5
0.000011 107
0.000012 9
0.000013 14
0.000012 87
0.100841 24
0.000014 198
0.000009 8
0.000013 15
0.000011 87
0.000012 106
0.000007 4
0.000008 110
0.099408 110
0.000012 110
0.000009 23
0.000018 87
0.000008 23
0.000019 97
0.000010 102
0.099703 9
0.000028 101
0.000012 10
0.000009 14
0.000009 88
0.000008 8
0.000010 15
0.000011 110
0.000010 87
0.000010 110
0.099498 23
0.000017 309
0.000009 8
0.000012 110
0.000009 102
0.099968 110
0.000013 110
0.000021 112
0.000017 9
0.000008 97
0.000016 4
0.000008 23
0.000025 83
0.000008 4
0.099742 23
0.000018 111
0.000012 88
0.000012 8
0.000011 102
0.000009 4
0.000011 19
0.000010 87
0.000010 23
0.000014 87
0.100260 220
0.000017 134
0.000012 96
0.000011 15
0.000012 87
0.100060 110
0.000014 110
0.000009 106
0.000007 4
0.000010 10
0.000008 14
0.000026 88
0.000012 23
0.000012 87
0.099349 23
0.000022 199
0.000012 23
0.000011 87
0.000011 23
0.000011 87
0.000009 8
0.000008 15
0.000008 87
0.100297 23
0.000019 197
0.000012 9
0.000032 101
0.000010 10
0.000013 97
0.000010 5
0.000019 23
0.000008 87
0.099815 134
0.000015 221
0.000008 87
0.000008 9
0.000015 101
0.100377 332
0.000137 69
0.000012 87
0.099696 134
0.000035 206
0.000011 102
0.099990 110
0.000015 120
0.000012 110
0.000011 98
0.000012 4
0.099431 23
0.000019 197
0.000013 119
0.000011 103
0.100247 110
0.000018 9
0.000009 15
0.000011 88
0.000011 23
0.000011 110
0.000011 87
0.099848 23
0.000014 199
0.000008 23
0.000010 87
0.000012 106
0.000008 4
0.100608 110
0.000018 244
0.000008 88
0.099527 119
0.000022 222
0.000016 101
0.099366 216
0.000018 138
0.000012 88
0.100152 23
0.000019 111
0.000012 97
0.000009 101
0.000008 4
0.000008 19
0.000018 87
0.100638 245
0.000030 197
0.099684 110
0.000021 133
0.000010 87
0.000024 107
0.000014 5
0.099680 110
0.000019 120
0.000010 102
0.000021 110
0.099707 116
0.000017 106
0.000008 23
0.000018 110
0.000016 87
0.100109 110
0.000019 110
0.000012 23
0.000011 87
0.000011 24
0.000021 88
0.100614 23
0.000017 197
0.000014 23
0.000011 92
0.000009 19
0.000008 88
0.099372 134
0.000015 111
0.000010 95
0.000009 15
0.000008 87
0.100043 222
0.000020 216
0.000009 4
0.099923 112
0.000013 119
0.000010 101
0.000032 9
0.000012 101
0.099686 336
0.000020 106
0.100154 119
0.000018 112
0.000012 101
0.000011 23
0.000013 87
0.099605 120
0.000018 111
0.000011 101
0.000012 8
0.000013 102
0.099964 23
0.000014 110
0.000022 96
0.000013 110
0.000012 103
0.099965 134
0.000020 206
0.000011 98
0.000008 4
0.100320 135
0.000014 197
0.000021 110
0.099928 110
0.000032 222
0.000014 23
0.000027 87
0.099580 134
0.000014 194
0.000012 4
0.000011 23
0.000012 87
0.100030 118
0.000017 214
0.000013 23
0.000010 87
0.100243 120
0.000017 212
0.000011 9
0.000012 101
0.099863 23
0.000035 199
0.000012 23
0.000009 91
0.000011 19
0.000011 87
0.099549 112
0.000015 110
0.000018 118
0.000007 98
0.000009 4
0.100500 23
0.000019 197
0.000009 23
0.000009 87
0.000008 9
0.000019 103
0.099820 112
0.000013 119
0.000008 101
0.000018 110
0.100060 112
0.000013 110
0.000008 23
0.000010 87
0.000008 106
0.000007 4
0.099986 220
0.000016 112
0.000012 106
0.000012 4
0.099845 134
0.000018 221
0.000013 87
0.099662 245
0.000015 197
0.100253 110
0.000015 110
0.000009 23
0.000008 87
0.000018 24
0.000008 88
0.099786 24
0.000017 198
0.000012 8
0.000023 102
0.000012 23
0.000011 87
0.100547 23
0.000017 199
0.000013 23
0.000011 110
0.000009 87
0.099560 120
0.000019 322
0.099797 135
0.000016 197
0.000009 23
0.000009 87
0.099830 110
0.000019 135
0.000009 87
0.000010 23
0.000008 87
0.100044 134
0.000018 221
0.000009 87
0.100363 133
0.000016 221
0.000017 88
0.099661 110
0.000018 110
0.000007 24
0.000008 88
0.000008 23
0.000008 87
0.099977 110
0.000021 222
0.000013 9
0.000012 101
0.100328 23
0.000017 206
0.000008 98
0.000007 9
0.000009 19
0.000016 87
0.099750 110
0.000021 112
0.000152 46
0.000015 9
0.000011 101
0.100189 23
0.000019 309
0.099057 23
0.000019 207
0.000013 102
0.100115 23
0.000020 207
0.000011 15
0.000012 87
0.100324 24
0.000015 221
0.000017 87
0.100059 23
0.000017 208
0.000009 101
0.100079 23
0.000013 111
0.000008 88
0.000008 9
0.000005 14
0.000022 87
0.099617 112
0.000018 133
0.000018 87
0.100265 23
0.000024 87
0.000011 9
0.000009 97
0.000008 9
0.000008 5
0.000008 97
0.000008 5
0.099707 112
0.000018 133
0.000009 87
0.099742 23
0.000014 207
0.000008 15
0.000019 87
0.099892 118
0.000031 214
0.100598 110
0.000020 134
0.000009 88
0.099148 23
0.000018 199
0.000017 110
0.100283 23
0.000017 111
0.000010 88
0.000028 110
0.100425 110
0.000024 222
0.100220 217
0.000016 115
0.099467 134
0.000020 198
0.099930 134
0.000016 198
0.099640 222
0.000016 110
0.099910 110
0.000020 135
0.000011 87
0.100175 110
0.000018 222
0.100413 133
0.000021 199
0.099968 23
0.000017 96
0.000018 103
0.000015 23
0.000013 87
0.099514 110
0.000021 222
0.099749 110
0.000021 120
0.000013 102
0.006709 2
0.003162 30
0.000932 87
0.003195 226
0.000170 8
0.000013 49
3.581916 1
0.070569 1
0.096920 1
0.059099 1
0.035464 1
0.180857 1
0.111712 1
0.095090 1
0.136860 1
0.081909 1
0.125614 1
0.120785 1
0.076622 1
0.166046 11
0.005585 228
0.126323 19
2.931086 2
0.060335 234
0.142706 45
0.001917 30
0.000079 62
0.003883 226
0.000367 57
0.959300 13
0.114845 156
0.722324 11
0.005696 228
0.013912 42
1.103173 33
0.659606 57
0.000020 48
0.000052 141
0.000011 38
0.000010 45
0.000014 10
0.000010 37
0.000010 25
0.000010 47
0.000011 32
0.000008 37
34.698889 127
2.351184 66
0.178407 30
0.000079 62
0.003900 226
0.000262 8
0.000016 49
9.407853 1
0.128572 1
0.099847 1
0.637380 4
0.119234 4
0.138159 4
0.131361 1
0.094737 1
0.099730 1
0.073757 1
0.054704 1
0.076321 1
0.095655 1
0.386440 1
0.155767 1
0.216324 1
0.242540 1
0.093451 1
0.309037 1
0.275995 1
0.085416 1
0.596218 1
0.221288 1
0.162014 1
0.125200 1
0.228885 1
0.146515 1
0.181610 1
0.393668 1
0.120212 1
0.196749 1
0.141247 1
0.427807 1
0.165401 1
0.933950 1
0.448334 1
0.081942 1
0.101909 1
0.435354 1
0.146505 1
0.269557 1
0.911017 1
0.195508 1
0.106071 1
0.076358 1
0.461242 1
0.150184 1
0.192745 1
4.222855 11
0.005241 228
0.054541 16
2.339153 2
0.002783 59
0.000155 286
0.000472 89
5.635300 1
0.124439 1
0.132329 1
0.267533 1
1.356642 1
0.236590 1
0.197789 1
0.231044 1
0.155717 1
0.287093 1
0.185409 1
0.296839 1
0.188712 1
0.450492 1
0.561626 1
0.225517 2
0.000062 182
0.000032 8
0.997045 1
0.138258 1
0.082003 1
0.193223 1
0.134591 1
0.345998 1
0.121196 1
0.171045 1
0.077415 1
0.429987 1
0.119255 1
0.191367 1
0.181845 1
0.188416 1
0.065740 1
0.262047 2
0.000089 182
0.000022 8
2.945623 9
0.127561 9
0.150120 9
0.134319 2
0.000023 7
0.147221 9
6.635629 1
0.161092 1
0.107612 1
0.106559 1
0.330118 1
0.210106 1
1.283659 1
0.138928 1
0.749428 1
0.895769 1
0.192794 1
0.123460 1
0.105422 1
0.779769 1
0.158039 1
0.116695 1
0.181240 1
0.338280 9
0.706939 1
0.089970 1
0.210693 1
0.146481 1
0.153027 1
0.161049 1
0.143697 1
0.123813 1
0.215971 2
0.000139 177
0.000061 8
3.197811 9
0.122841 2
0.000026 7
0.142590 9
0.133099 9
0.135535 9
0.136456 9
0.141978 9
0.135544 2
0.000063 7
0.126349 2
0.000023 7
3.329851 1
0.049397 1
0.166790 9
10.335554 1
0.440304 1
0.176238 1935
0.000015 55
23.227476 1
0.634779 9
2.131930 1
1.502450 1
0.103111 2
0.000535 5
0.003796 30
0.000074 62
0.003553 226
0.000417 57
5.595597 1
0.098853 1
0.105888 1
0.115966 1
0.519628 1
0.057796 1
0.090500 1
0.157628 1
0.196678 1
0.139469 1
0.057930 1
0.098899 1
0.321503 1
0.177044 1
0.247863 1
0.185016 1
0.133006 1
0.758777 1
0.201285 5
0.323559 11
0.005459 228
0.003308 189
0.000036 516
0.000017 895
0.000016 651
0.000014 238
0.000325 30
0.000095 62
0.003229 226
0.000229 8
0.000010 49
11.829328 1
0.107576 1
0.115769 1
0.121591 1
0.373131 1
0.177853 1
0.345082 1
0.246986 1
0.154507 1
0.183703 1
0.105891 1
0.176487 1
0.450156 1
0.138373 1
0.067547 9
0.291762 11
0.005341 228
0.001354 167
0.000242 30
0.000063 62
0.003462 226
0.000230 8
0.000016 49
43.594769 23
0.119633 80
0.140546 65
0.786829 171
0.644292 275
0.526372 11
0.004970 228
0.054050 16
4.429672 2
0.000947 59
0.000197 286
0.000228 89
148.583438 1
0.189732 1
0.253987 1
0.125489 1
0.623781 1
0.243071 1
0.482556 1
0.529904 1
0.125445 1
0.150085 1
0.108536 1
0.204875 1
0.146551 1
0.151824 1
0.157741 1
0.184938 1
0.285970 1
0.511174 2
0.000126 185
6.302152 1
0.008955 1
0.142400 2
0.000365 5
0.004583 30
0.000103 62
0.003638 226
0.000235 8
0.000020 49
0.968321 1
0.082786 1
0.071209 1
0.107802 1
0.094273 1
0.027585 11
0.005106 228
0.000748 11
0.000160 30
0.000088 62
0.002701 226
0.000232 8
0.000016 49
2.434848 11
0.000109 30
0.000100 62
0.003669 226
0.000170 57
0.112452 11
0.000132 30
0.000043 62
0.003626 226
0.000217 8
0.000015 49
0.124452 11
0.000108 30
0.000080 62
0.003531 226
0.000203 8
0.000019 49
0.123826 11
0.000144 30
0.000074 62
0.003751 226
0.000230 57
0.445839 1
0.097693 1
0.133544 1
0.040597 1
0.089928 1
0.422547 1
0.128416 1
0.320188 1
0.190055 1
0.211454 1
0.163750 1
0.088511 1
0.094301 1
0.080037 1
0.142951 1
0.355674 1
0.314852 1
0.352126 1
3.274142 1
0.104944 1
0.119598 1
0.181358 1
0.380543 1
0.300556 1
0.134407 1
0.168450 1
0.163642 1
0.102627 1
0.318434 1
0.202420 1
0.256972 1
0.186888 1
0.176897 1
0.191575 1
0.216511 1
0.092477 1
0.247885 1
0.299264 1
0.331664 1
0.666850 1
0.580732 1
1.189979 1
0.184426 1
0.238131 1
0.186170 1
0.065987 1
2.357837 1
0.136245 1
0.218977 1
0.080858 1
0.116927 1
0.079133 1
0.055750 1
0.140025 1
0.113842 1
0.240224 1
0.101522 1
0.598009 1
0.210363 1
0.238487 1
0.350206 1
0.150933 1
0.644996 1
0.147186 1
0.204227 1
0.178461 1
0.189056 1
0.171538 1
0.524595 1
0.194134 1
0.303431 1
0.212355 1
0.171864 1
0.121509 1
0.214500 1
0.107391 1
0.220303 1
0.684865 1
0.172563 1
0.384755 1
0.244116 1
0.213703 1
0.138329 1
0.227286 1
0.098154 1
0.472386 1
1.479141 4
0.253737 11
0.006174 228
0.130900 19
3.767279 2
0.067871 234
0.029916 108
0.014395 58
0.080818 45
0.043660 234
0.002516 31
0.001810 137
0.021477 76
0.000419 45
0.001858 30
0.000088 62
0.003520 226
0.000195 8
0.000008 49
109.404105 1
0.683487 1
0.623549 1
0.216194 1
0.212356 1
0.208839 1
0.229030 1
0.150293 1
0.061436 1
0.357617 1
0.470219 1
1.238859 1
0.104000 1
0.098006 1
0.205307 1
0.681991 1
0.433727 1
2.039677 11
0.000168 30
0.000040 62
0.004094 226
0.000388 8
0.000016 49
1460.934852 1
0.141038 1
0.173530 1
1.218387 1
1.603991 1
0.194135 1
0.158411 1
0.188267 1
0.219305 1
0.250745 1
0.059372 1
0.099278 1
0.145734 1
0.538636 1
0.070148 1
0.131031 1
0.071412 1
0.110355 1
0.160410 1
0.182367 1
0.347468 1
0.109542 1
0.087106 1
0.371575 1
1.455050 1
0.099207 1
0.131811 1
0.100891 1
0.152061 1
0.102768 1
0.149869 1
0.193548 1
0.185467 1
0.092448 1
0.146785 1
0.115508 1
0.082124 1
0.190492 1
0.109587 1
0.127349 1
0.155309 1
0.121064 1
0.403166 4
0.202292 1
0.215970 1
0.063913 1
0.240219 1
0.177550 1
1.977256 1
0.634901 1
0.079581 1
0.011573 1
0.643379 1
0.119132 1
0.208040 1
1.024414 1
0.126155 1
0.318210 1
0.239977 1
0.216866 1
0.227495 1
0.138517 1
0.198418 1
1.287638 1
0.130155 1
0.130979 1
0.114638 1
0.585185 1
0.084620 1
0.076986 1
0.207149 1
0.146349 1
0.205983 1
0.254066 11
0.000168 30
0.000079 62
0.004536 226
0.000300 57
3.263383 1
0.092785 1
0.157460 1
0.035173 1
0.081093 1
0.213827 1
0.092779 1
0.073551 1
0.100102 1
0.120260 1
0.075157 1
0.123278 1
0.192590 1
0.161971 1
0.140546 1
0.112381 1
0.076341 1
0.664165 1
0.288659 1
0.029231 1
0.889946 1
0.135146 1
0.143015 1
0.262838 11
0.005058 228
0.131110 19
3.202763 2
0.059380 234
0.091786 37
1.036108 25
0.222644 392
0.000083 958
0.000022 918
0.000008 308
0.000007 53
0.000276 207
0.000067 6
0.848255 430
0.050256 723
0.045620 723
0.005576 723
0.053104 723
0.024264 723
0.028395 723
0.038334 723
0.051954 723
0.011457 723
0.050769 723
0.047257 723
0.003634 723
0.067477 723
0.033868 723
0.101565 723
0.101448 723
0.101156 723
0.104188 723
0.101303 723
0.101058 723
0.101139 723
0.102146 723
0.101426 723
0.101786 723
0.103154 723
0.102816 723
0.101677 723
0.101920 723
0.101664 723
0.037043 723
0.037376 723
0.027056 723
0.102153 723
0.101803 723
0.101957 723
0.103045 723
0.102273 723
0.044308 723
0.057412 723
0.086809 723
0.015376 579
0.101623 579
0.101063 579
0.066162 579
0.056538 435
1.001176 435
1.001203 435
1.001244 435
1.000889 435
1.001187 435
1.001244 435
1.001191 435
1.001254 435
1.001123 435
1.000244 435
1.001052 435
1.001343 435
1.001016 435
1.001027 435
1.001203 435
1.001296 435
1.001330 435
1.001208 435
1.001245 435
1.001221 435
1.001230 435
1.001214 435
1.001241 435
1.001005 435
1.000770 435
1.001041 435
0.968177 435
0.000302 588
0.202541 588
1.001460 588
1.001149 588
1.001180 588
1.000958 588
1.001059 588
1.001273 588
1.001148 588
1.001077 588
1.000942 588
1.000962 588
1.001019 588
1.000588 588
1.001286 588
1.001165 588
0.783986 588
1.001245 588
1.001201 588
1.001021 588
1.001368 588
1.001285 588
1.001173 588
1.001251 588
1.001214 588
1.000879 588
1.001107 588
1.001362 588
1.001207 588
1.000995 588
1.001005 588
0.983254 588
1.001031 588
0.000262 741
0.128595 741
0.128504 741
0.251089 741
0.250664 741
0.250663 741
0.250547 741
0.251727 741
0.250601 741
0.193904 741
0.191221 741
0.162750 741
0.002748 743
0.001080 25
0.432287 142
0.044329 143
0.172554 287
0.211528 287
0.040613 143
0.051040 292
0.001007 158
0.006225 287
0.013390 292
0.000875 158
0.003164 287
0.001655 143
0.015103 287
0.021338 287
0.014334 292
0.000972 158
0.047826 287
0.101179 143
0.035888 143
0.065400 287
0.091398 143
0.009569 287
0.000423 143
0.004468 287
0.004151 287
0.004740 287
0.003923 287
0.003973 287
0.004501 287
0.013085 287
0.200251 292
0.064214 158
0.006257 292
0.024861 158
0.268260 151
0.000196 24
0.001032 6
0.018426 45
0.002599 30
0.000161 62
0.003738 226
0.000292 8
0.000014 49
25.391801 1
0.066907 1
0.125879 1
0.026224 1
0.546724 1
0.189440 1
0.511858 1
0.085357 1
0.127430 1
0.619782 1
0.129617 1
0.208700 1
0.109827 1
0.100055 1
0.098358 1
0.186747 1
0.397406 1
0.309646 1
0.175600 1
0.233648 1
0.283843 1
0.167625 1
0.204049 1
0.478139 1
0.246108 1
0.240549 1
0.132877 1
0.149073 1
0.211436 1
0.137782 1
0.607849 1
0.126285 1
0.586274 1
0.153455 1
0.153100 1
0.743138 1
0.249542 1
0.181741 1
0.746794 1
0.114586 1
0.124228 1
0.094907 1
0.113137 1
0.188384 1
0.153009 1
0.817788 1
0.510068 1
0.141333 1
0.412949 1
0.458605 1
0.356035 1
0.150397 1
0.156540 1
0.107367 1
0.150156 1
0.086670 1
0.212877 1
0.091479 1
0.110865 1
0.103894 1
0.641340 1
0.208753 1
0.152933 1
0.180282 1
0.190671 1
0.114062 1
0.203615 1
0.125111 1
0.139398 1
0.168120 1
0.156267 1
0.138454 1
0.162524 1
0.103558 1
0.111270 1
0.080335 1
0.168265 1
0.257317 1
0.342026 1
0.072712 1
0.222930 1
0.197531 1
0.115050 1
0.390969 1
0.477941 4
0.043823 1
0.176036 1
0.158340 1
0.705823 1
0.397129 1
1.332771 1
0.087640 1
0.102227 1
0.149581 1
0.214864 1
0.217012 1
0.078158 1
0.259384 1
0.301356 1
0.190012 1
0.114751 1
0.147403 1
0.092100 1
0.152750 1
0.116781 1
0.090224 1
0.122139 1
0.078527 1
0.135871 1
0.371043 1
0.095575 1
1.416851 11
0.005656 228
0.038872 234
0.016814 124
0.134071 63
1.000324 1537
0.001472 45
0.002126 30
0.000104 62
0.004059 226
0.000184 8
0.000008 49
51.600187 109
0.187291 1
0.570208 1
0.039303 1
0.040516 1
0.039759 1
0.040106 1
0.040034 1
0.039693 1
0.040061 1
0.039961 1
0.039780 1
0.040544 1
0.040668 1
0.039749 1
0.039283 1
0.041094 1
0.039412 1
0.039735 1
0.039942 1
0.040498 1
0.039783 1
0.039322 1
0.040379 1
0.040151 1
0.040205 1
0.040161 1
0.039932 1
0.039664 1
0.039663 1
0.166318 1
0.153487 1
0.150977 1
0.170263 1
0.425876 5
0.631148 5
0.042653 5
0.039609 5
0.039686 5
0.040774 5
0.039971 5
0.117492 5
0.127188 5
0.145113 5
0.143463 5
0.146384 5
0.140635 5
0.146288 5
0.735475 5
0.142225 5
0.070018 5
0.277336 9
1.622292 5
0.162616 5
0.161775 5
0.227284 5
0.162132 5
0.187789 5
0.202041 5
0.144689 5
0.186951 5
0.039381 5
0.804025 1
0.572269 1
0.040622 1
0.041911 1
0.040883 1
0.040014 1
0.039212 1
0.039688 1
0.040751 1
0.039812 1
0.039510 1
0.040255 1
0.040465 1
0.040564 1
0.039334 1
0.039975 1
0.039887 1
0.039799 1
0.039165 1
0.040975 1
0.040119 1
0.040008 1
0.039185 1
0.040550 1
0.040262 1
0.040042 1
0.039632 1
0.040173 1
0.039649 1
0.040026 1
0.040418 1
0.039756 1
0.039910 1
0.040483 1
0.039475 1
0.039641 1
0.040699 1
0.040045 1
0.039929 1
0.040189 1
0.039826 1
0.039370 1
0.040555 1
0.039928 1
0.039434 1
0.041023 1
0.039301 1
0.039704 1
0.040879 1
0.039580 1
0.039390 1
0.040575 1
0.040212 1
0.057652 1
0.293040 1
0.167035 1
0.164011 1
0.331380 5
0.110132 5
0.138359 5
0.288270 5
0.103093 5
0.690263 5
0.037254 5
2.200172 3
0.229763 3
0.144856 3
0.143456 3
0.192878 3
0.162027 3
0.302513 9
0.140272 5
0.181640 5
0.112115 5
0.627940 2
0.000034 9
0.005685 228
0.028243 234
0.004397 129
0.134819 64
1.000128 1537
0.001827 45
0.002001 30
0.000116 62
0.003450 226
0.000339 8
0.000008 49
18.790209 1
1.267632 1
1.512788 1
0.102586 1
0.104747 1
0.106674 1
0.049075 1
0.071363 1
0.096438 1
0.917547 1
0.186980 1
0.707662 1
0.561065 1
0.576403 1
0.254365 1
0.170230 1
0.398848 1
0.069876 1
0.397047 1
0.145817 1
0.162955 1
0.105138 1
0.296195 1
0.493370 1
0.327903 1
1.007512 1
0.876888 4
0.111306 4
0.444140 4
0.209109 1
0.580625 4
0.555442 1
0.246001 1
4.270194 1
0.195404 1
0.918970 1
0.236733 1
0.091170 1
0.092768 1
0.414208 1
0.200590 1
0.480766 1
0.989914 1
0.342531 1
0.097573 1
0.075851 1
0.331906 1
0.194473 1
0.622864 1
1.461833 1
0.080405 1
0.221868 1
1.280375 1
1.165838 1
0.380992 11
0.000119 30
0.000069 62
0.003647 226
0.000283 57
26.866614 1
0.089198 1
0.282433 1
0.462610 1
0.234306 11
0.005065 228
0.127921 30
0.000032 62
0.003624 226
0.000268 57
3.814244 1
0.166393 1
0.155663 1
0.094475 1
0.073997 11
0.005057 234
