0.044885 50
0.000227 36
0.002872 232
0.000311 8
0.000022 55
1.052753 1
0.118416 1
0.108245 1
0.161547 1
0.111194 1
0.126633 1
0.437636 1
0.229121 1
0.148314 1
0.135028 1
0.519788 1
0.421573 1
0.586447 4
0.101298 4
0.587273 1
0.087243 1
0.136788 2
0.000040 9
0.004073 234
0.000148 30
0.000059 62
0.002564 226
0.000110 8
0.000010 49
5.459433 1
0.084537 1
0.153590 1
0.126428 1
0.104512 1
0.093538 1
0.272270 1
0.125071 1
0.064610 1
0.097618 11
0.003787 228
0.128310 80
0.000201 30
0.000052 71
0.002638 226
0.000174 8
0.000010 49
7.189203 1
0.103472 1
0.370643 1
0.059641 1
0.148224 1
0.087933 1
0.124623 1
0.089618 1
0.187290 1
0.107809 1
0.280137 1
0.287621 1
0.875039 1
0.389968 4
0.176689 11
0.004427 228
0.564995 237
0.499498 237
0.474178 2
0.002761 30
0.000038 62
0.002981 226
0.000166 8
0.000018 49
14.940908 1
0.346646 1
0.163193 1
0.087109 1
0.102590 1
0.095703 1
0.121636 1
1.378599 1
0.228157 1
0.832351 1
1.470072 1
0.218744 1
2.501667 4
0.135933 4
0.142139 4
0.128077 4
0.133189 4
9.052039 1
0.072045 1
0.128096 1
0.099167 1
0.127118 1
0.016435 1
1.159486 1
0.153293 1
0.121667 1
0.197077 1
0.153041 1
0.056638 1
0.188544 1
0.141320 1
0.145163 1
0.204957 1
0.238109 1
0.358142 1
0.336586 1
0.155142 1
0.061570 1
0.504838 1
0.072150 1
0.171851 1
0.055677 1
0.195182 1
0.292006 1
0.715819 1
0.180237 1
0.307305 1
0.595636 1
0.071484 1
0.122575 1
0.129584 1
0.285197 1
0.248825 1
0.085513 1
0.710753 1
0.436812 1
0.131746 1
0.203349 1
0.123079 1
0.086323 1
0.278299 1
0.225939 1
0.119664 1
0.344850 1
0.319467 1
0.246090 1
0.080105 1
0.910048 11
0.005046 228
0.045660 306
0.001772 30
0.000067 73
0.003015 226
0.000166 8
0.000016 49
6.584762 57
0.488747 4
0.570505 4
0.038865 4
0.040497 4
0.040544 4
0.041238 4
0.040104 4
0.213934 4
0.144379 4
0.146329 4
0.136163 4
0.152437 4
0.168654 4
0.181866 2
0.000018 9
0.004476 228
0.010313 156
0.000217 30
0.000049 71
0.002458 226
0.000114 8
0.000013 49
1.249736 44
0.723472 4
0.631850 4
0.041984 4
0.039988 4
0.040765 4
0.038906 4
0.040728 4
0.129399 4
0.148739 4
0.159176 4
0.179799 4
0.497717 2
0.000018 9
0.004320 228
0.010510 156
0.000192 30
0.000055 71
0.002435 226
0.000154 8
0.000015 49
7.419754 33
0.547180 4
0.630335 4
0.039239 4
0.040146 4
0.040258 4
0.042115 4
0.040277 4
0.039238 4
0.040164 4
0.041122 4
0.039233 4
0.040057 4
0.039687 4
0.040002 4
0.039771 4
0.040527 4
0.040053 4
0.263585 4
0.253785 4
1.412897 1
0.169587 1
0.194857 1
0.150178 1
0.166496 1
0.139808 1
0.092205 1
0.819719 1
0.206370 1
0.235697 1
0.037857 1
0.127623 1
0.111729 2
0.000017 9
0.004372 228
0.011659 52
1.096028 178
0.002149 30
0.000072 73
0.003151 226
0.000158 8
0.000013 49
3.896115 1
0.093311 1
0.605270 1
0.076601 1
0.086207 1
0.078851 1
0.093410 1
0.257390 1
0.099267 1
1.382536 1
0.504479 1
0.059984 1
1.127480 4
0.112696 4
0.160226 1
0.181845 1
0.178460 1
0.141081 1
0.169459 1
0.134865 1
0.092035 1
0.334805 1
0.102184 1
0.226254 1
0.064941 1
0.083453 1
0.108294 11
0.004738 228
0.078900 14
0.002143 30
0.000026 62
0.003014 226
0.000097 8
0.000009 49
13.410154 22
0.127802 62
0.122129 59
0.154636 11
0.313667 13
0.204312 111
0.552299 55
1.226377 11
0.003883 228
0.117131 66
0.183869 30
0.000061 62
0.003767 226
0.000104 8
0.000009 49
14.856656 1
0.089808 1
0.223558 1
0.082342 1
0.090388 1
0.090880 1
0.120968 1
0.227558 1
0.261637 1
0.185471 1
1.025095 1
0.821943 1
1.454396 1
0.174572 1
0.174886 1
0.115738 1
0.171420 1
0.128030 1
0.089012 1
0.173396 1
0.239457 1
0.191678 1
0.065862 1
0.121752 1
0.780050 1
2.012810 1
0.079739 1
0.323128 11
0.004465 228
0.048604 30
0.000055 62
0.002735 226
0.000201 8
0.000013 49
9.466931 27
28.752541 4
0.131791 4
1.170243 1
0.630569 1
0.041500 1
0.040208 1
0.039918 1
0.039189 1
0.040112 1
0.040538 1
0.040418 1
0.039298 1
0.039771 1
0.040445 1
0.040176 1
0.301243 1
0.537225 9
0.346177 5
0.262103 5
0.079759 5
0.328839 42
0.771203 1
0.086916 1
0.157983 11
0.004272 228
0.045768 8
1.465744 2
0.000050 8
0.103566 2
0.000066 8
7.422657 1
0.214022 1
0.425825 1
0.182419 1
0.101209 1
0.105317 2
0.001090 4
0.000114 8
5.904722 1
0.336593 4
0.175822 1
0.114713 1
0.058445 1
0.100720 1
0.178324 1
0.181364 1
0.957049 1
0.139239 1
0.212481 1
0.047501 1
1.161031 1
0.092373 1
0.060984 1
0.078336 1
0.108534 1
0.224205 1
1.261364 1
0.094950 1
0.230514 35
0.429425 2
0.000134 21
0.000017 8
1.700578 35
0.616741 5
1.082662 33
0.108960 33
0.335144 34
0.140770 33
0.156196 32
0.291782 31
0.296968 29
0.234353 25
0.000168 28
1.540002 1
0.047348 1
1.018116 4
0.118369 4
0.202574 1
0.097499 1
0.093178 1
0.160648 1
0.067888 1
0.087655 1
0.148587 1
0.055658 1
0.143481 2
0.000913 13
0.000107 8
1.549734 16
0.085670 1
0.572155 34
0.183531 1
0.841217 5
0.235064 1
0.128886 1
0.145337 1
0.328944 32
0.724252 25
0.000915 876
1.112312 53
0.151413 53
0.141912 54
0.159002 54
1.881281 54
3.940099 54
0.213118 54
0.492664 54
0.457380 57
0.278362 57
0.257919 57
0.270464 57
0.291184 57
0.181141 57
0.624756 57
3.088939 57
0.736619 57
0.415683 57
0.575458 57
0.183802 57
0.160610 57
0.149258 54
0.146956 54
0.144866 54
0.148840 54
0.171241 54
0.196724 54
0.172408 53
7.352941 7
6.746560 55
0.418614 16
0.124516 16
0.135717 16
0.170412 16
0.796139 75
2.720123 66
2.599875 11
1.088676 1
0.698353 64
0.881361 59
0.678290 1
0.646270 80
0.000185 8
8.511245 1
0.195164 1
0.171236 1
0.087046 1
0.205096 2
0.004026 30
0.000066 62
0.002995 226
0.000236 8
0.000012 49
0.992112 1
0.083759 1
0.131399 1
0.092973 1
0.151301 1
0.365810 1
0.248034 1
1.097362 1
0.092868 1
0.120682 1
0.096032 1
0.160590 1
0.389505 1
0.154165 1
0.162918 1
0.101714 1
0.155404 1
0.142670 1
0.091172 1
0.169622 1
0.175689 1
0.209753 1
0.063832 1
0.129624 1
0.307028 11
0.004188 228
0.010502 82
0.000190 30
0.000053 71
0.002369 226
0.000111 8
0.000007 49
24.555701 1
0.098338 1
0.121707 1
0.123387 1
0.069028 1
0.069398 1
0.593306 1
1.162335 1
0.083854 1
0.070685 1
0.173383 1
0.139340 1
0.152887 1
0.072944 1
0.254731 1
0.100830 1
1.004432 1
2.066922 1
0.109202 1
0.197652 1
0.168012 1
0.161238 1
0.181589 1
0.177696 1
0.104248 1
0.121110 1
0.141606 1
0.180072 1
0.150686 1
0.381639 1
0.149102 1
0.074980 1
0.365275 1
0.095091 1
0.238550 1
0.339396 4
0.146822 1
0.082050 1
0.112625 1
0.202076 11
0.004503 228
0.392208 14
0.001697 30
0.000077 62
0.002761 226
0.000111 8
0.000008 49
5.052556 1
0.071439 1
0.140815 1
0.097865 1
0.101922 1
0.072099 1
2.008782 1
0.901548 1
0.183188 1
0.190654 1
0.641299 1
0.757548 4
0.072197 1
0.237700 1
0.348070 1
5.107895 1
0.118853 1
1.555036 1
0.123166 1
0.167604 1
0.179479 1
0.124526 1
0.167649 1
0.129993 1
0.088133 1
0.143080 1
0.172897 1
0.186231 1
0.076933 1
0.097949 1
0.208270 1
0.120536 1
0.194520 1
0.078541 1
0.622905 11
0.004922 228
0.152052 948
3.157879 2
0.003067 30
0.000053 62
0.003046 226
0.000205 8
0.000011 49
9.242357 1
0.104254 1
0.092015 1
0.119507 1
0.011832 1
0.100058 1
1.542766 1
0.200147 1
0.214398 1
0.169599 1
0.184420 1
0.135234 1
0.132885 1
0.180768 1
0.083407 1
0.388266 1
0.355379 1
0.160130 1
0.173649 1
0.117770 1
0.145314 1
0.135597 1
0.087834 1
0.207651 1
0.222866 1
0.267175 1
0.066603 1
0.090835 1
0.795548 1
2.358856 1
0.138696 1
0.163955 1
0.105291 1
0.132526 1
0.174016 1
0.116110 1
0.112381 1
0.155089 1
0.240801 1
0.190059 1
0.142780 1
0.186808 1
0.135365 1
0.102791 1
0.135005 1
0.112150 1
1.389674 11
0.004945 228
0.076688 81
0.250950 92
0.552722 6
0.095852 151
0.376914 123
0.000020 286
0.007500 287
0.039677 123
0.022640 123
0.021620 123
0.023821 123
0.030732 123
0.029112 123
0.028857 123
0.021487 123
0.021510 123
0.025587 123
0.018142 123
0.023240 123
0.022304 123
0.026351 123
0.021803 123
0.017864 123
0.031280 123
0.020967 123
0.025947 123
0.018340 123
0.035842 123
0.024958 123
0.028302 123
0.019874 123
0.000191 123
0.000068 44
0.008963 29
0.027392 30
0.000029 62
0.002746 226
0.000158 8
0.000016 49
82.078717 1
0.070922 1
0.116126 1
0.113868 1
0.066435 1
0.092198 1
0.547181 1
0.344435 1
0.209111 1
0.182187 1
0.208483 1
0.159756 1
0.115533 1
0.602668 1
0.069438 1
0.617950 1
0.296725 1
0.137755 1
0.168880 1
0.114050 1
0.188608 1
0.121576 1
0.543937 1
0.478770 1
0.121143 1
0.192467 1
0.092082 1
0.098902 1
0.326532 1
4.210998 1
0.203624 1
0.189073 1
0.150563 1
0.551992 1
0.224725 1
0.168439 1
0.296920 1
0.106695 1
0.192906 1
0.172492 1
0.113495 1
1.657619 1
0.618496 1
0.676487 1
0.108938 1
1.173333 1
0.094503 1
0.429170 1
0.246388 1
0.129388 1
0.097576 1
0.441323 1
0.269471 1
0.705438 1
0.313308 1
0.150096 1
0.261326 1
0.174334 1
0.121995 1
0.190764 1
0.257014 1
0.110097 1
0.207190 1
0.079181 1
0.105497 1
0.112055 1
0.276560 1
0.178342 1
0.268771 1
0.096542 1
0.090682 1
0.099140 1
0.161407 1
0.125450 1
0.143369 1
0.091612 1
0.116705 1
0.103792 1
0.159013 1
0.132589 1
0.104797 1
0.091075 1
0.555763 1
0.077301 1
0.179591 1
0.412449 1
0.307758 1
0.138038 1
0.315168 3
0.076073 1
0.184180 1
0.160468 1
0.093460 1
0.217329 1
0.217564 1
1.197957 11
0.004824 228
0.064129 62
0.017459 49
30.002588 625
0.005934 30
0.000040 62
0.003144 226
0.000289 8
0.000016 49
5.362867 95
0.846087 1
0.570943 1
0.039968 1
0.040242 1
0.039577 1
0.039592 1
0.040923 348
0.039737 1
0.039968 1
0.039755 1
0.040923 1
0.038901 1
0.041179 1
0.039056 1
0.040218 1
0.040458 1
0.039476 1
0.040212 1
0.039575 1
0.040010 1
0.040038 1
0.040205 1
0.040351 1
0.039733 1
0.039855 1
0.039951 1
0.039786 1
0.040505 1
0.039948 1
0.039945 1
0.039098 1
0.040725 1
0.039672 1
0.041054 1
0.039233 1
0.039812 1
0.040788 1
0.038993 1
0.040404 1
0.039712 1
0.152141 1
0.153392 1
0.400226 252
0.116828 250
0.100813 248
0.131554 247
0.139558 243
0.137000 273
0.134276 233
0.157458 5
1.239169 5
2.020431 11
0.004504 228
0.054883 62
0.016681 48
30.002750 623
0.005923 30
0.000041 62
0.002878 226
0.000112 8
0.000012 49
24.842477 1
0.070721 1
0.179797 1
3.649021 4
0.124199 4
0.134834 4
0.215851 1
0.093562 1
0.105918 1
10.425739 1
0.232034 1
0.649909 1
0.182577 1
1.010561 1
0.089572 1
0.128535 1
0.303945 11
0.004890 228
0.001359 125
0.000250 30
0.000039 62
0.002795 226
0.000292 8
0.000020 49
3.444222 1
0.082379 1
0.127184 1
3.751865 1
0.363553 1
0.506382 1
0.208154 1
0.290978 1
0.095957 1
0.131942 1
0.562396 1
2.032433 1
1.604776 11
0.003900 228
0.001685 30
0.000048 62
0.002438 226
0.000123 8
0.000016 49
1.803968 1
0.087528 1
0.101778 1
0.775152 1
0.287385 1
0.325225 1
0.307597 1
0.345553 1
0.275581 1
0.116731 1
0.314986 11
0.003876 228
0.000976 101
0.000197 30
0.000024 62
0.002945 226
0.000119 57
7.520229 1
0.067084 1
0.125613 1
0.093741 1
0.037889 1
0.161149 1
0.504222 1
0.191395 1
0.064433 1
0.055523 1
0.158268 1
0.148699 1
0.187327 1
0.091946 1
0.109457 1
0.087270 1
0.117334 1
0.131177 1
0.139778 1
0.421684 1
0.091540 1
0.383083 1
0.403316 1
0.172403 1
0.164948 1
0.107724 1
0.151068 1
0.156955 1
0.049252 1
0.227020 1
0.139334 1
0.178984 1
0.080982 1
0.093696 1
0.231356 11
0.004481 228
0.290107 14
0.002112 30
0.000067 62
0.003242 226
0.000149 8
0.000018 49
1.493560 1
0.173082 1
0.121487 1
0.125197 1
0.157463 11
0.004816 234
