0.042744 50
0.002879 236
0.000290 8
0.000018 59
5.175972 1
0.052648 1
0.606348 1
0.240945 1
0.190283 1
0.225228 1
0.150494 1
0.182148 1
0.106724 1
0.100378 1
0.519975 1
0.948518 11
0.004197 238
0.119125 14
1.252425 2
0.038861 218
0.052696 241
0.000298 80
21.712790 1
0.098195 1
0.600899 1
0.195378 1
0.133174 1
0.180703 1
0.359252 1
0.184834 1
0.140518 1
0.073985 1
0.177419 1
1.038163 1
1.053495 11
0.004849 243
0.000091 62
0.002762 231
0.000167 70
0.801569 1
0.074290 1
0.096213 11
0.003246 233
0.000870 119
0.000229 62
0.002270 231
0.000125 8
0.000009 62
8.620481 1
0.071029 1
0.087469 1
0.183368 1
0.135357 1
0.224638 1
0.277749 1
0.210188 4
0.120220 4
0.066788 1
0.424095 1
0.319859 8
0.408244 11
0.004616 233
0.001054 42
0.000241 62
0.003256 231
0.000155 70
4.650272 1
0.091264 1
0.116555 1
0.206131 1
0.375076 4
0.228512 1
0.123417 1
0.138767 1
0.322396 1
0.173930 1
0.136013 1
0.050180 1
0.611085 1
0.250871 1
0.156723 11
0.005121 233
0.002237 120
0.000239 62
0.002634 231
0.000184 70
3.760192 1
0.087786 1
0.079999 1
0.152455 1
0.121321 1
0.131486 1
0.240388 1
0.179231 1
0.129902 1
0.068456 1
0.178242 1
0.571608 1
0.098831 11
0.005040 233
0.003468 83
0.000247 62
0.002984 231
0.000172 8
0.000013 62
4.411336 1
0.079977 1
0.050446 1
0.129534 1
0.126007 1
0.149170 11
0.005154 233
0.001312 157
0.000341 62
0.002831 231
0.000133 8
0.000007 62
4.527402 1
0.082657 1
0.146361 1
0.128184 1
0.336041 1
0.127825 1
0.096191 1
0.715514 4
0.132078 4
0.144063 4
0.118129 4
0.236969 1
0.133839 1
0.130442 1
0.207954 1
0.179109 1
0.142394 1
0.036807 1
0.700256 1
0.076140 1
0.104818 11
0.005107 233
0.000168 62
0.002672 231
0.000336 70
0.433507 1
0.076008 1
0.068916 11
0.004908 233
0.001215 37
0.000272 62
0.002976 231
0.000157 8
0.000011 62
1.288045 1
0.168497 1
0.099411 1
0.223086 1
0.091543 1
0.624507 1
0.627403 1
0.105256 1
0.147906 1
0.135170 1
0.325859 1
0.168427 1
0.198199 1
0.383678 1
2.022640 1
1.197898 1
0.082791 1
0.192048 1
0.164776 1
0.157566 1
0.217298 1
0.194105 1
0.455593 4
0.174837 1
0.081560 1
0.143095 1
0.114038 1
0.623786 1
0.455636 1
0.078282 1
0.391928 1
1.008570 1
5.869643 11
0.004393 233
0.000245 10
0.000147 62
0.000748 50
0.000046 17
0.001693 231
0.000133 8
0.000019 62
130.295812 1
0.086417 1
0.131649 11
0.004331 233
0.000066 106
0.000428 62
0.002791 223
0.000175 49
0.376236 1
1.196678 1
0.135692 1
0.196091 1
0.146861 1
0.136914 1
1.197545 1
3.530484 1
0.369708 1
0.211791 1
0.635763 1
0.104294 1
0.359236 11
0.004309 225
0.000132 62
0.002948 223
0.000149 49
1.036063 1
0.318146 1
0.155646 1
0.175419 1
0.107822 1
0.087293 1
0.334864 1
0.141227 1
0.206182 1
0.310151 11
0.005209 229
0.000138 62
0.003115 223
0.000178 49
0.755424 11
0.000219 62
0.003967 223
0.000162 49
2.218170 1
0.087688 1
0.101794 1
0.280178 1
0.178646 1
0.082157 1
0.451110 1
0.074973 1
0.193263 1
1.216844 1
0.477484 1
0.369887 1
0.149619 1
0.281313 1
0.722865 1
0.092826 1
0.166281 1
0.306179 4
0.164207 1
0.666190 1
0.442031 1
0.646679 1
0.755562 1
0.158592 1
0.153434 1
0.102294 1
0.134070 1
0.413853 1
0.087499 1
0.113319 1
0.164221 1
0.134688 1
0.176969 1
0.774215 1
0.112350 1
0.127106 1
0.157922 1
0.841799 1
2.099640 1
0.574718 1
0.626458 1
0.167968 1
0.164058 1
0.103513 1
0.382719 1
0.453557 1
0.803368 1
0.706791 4
0.998951 1
0.147218 1
0.123503 1
0.079344 1
0.210374 1
0.086800 1
0.193083 1
0.147444 1
0.963817 1
0.708523 1
0.219554 1
1.495265 1
0.240244 1
0.169701 1
0.319816 1
0.183268 1
0.394339 1
0.944462 1
0.942850 1
0.307995 1
0.702500 1
1.607429 1
0.144238 1
0.267021 1
0.103980 1
0.097499 1
0.100681 1
2.825452 11
0.000176 62
0.000176 71
0.003869 223
0.000215 49
2.621380 71
0.187822 1
0.265285 1
0.032781 1
0.034442 1
0.032304 1
0.032953 1
0.034391 1
0.031575 1
0.033557 1
0.033492 1
0.033765 1
0.033614 1
0.036877 1
0.038120 1
0.032613 1
0.032677 1
0.033556 1
0.032357 1
0.031722 1
0.033716 1
0.034378 1
0.033374 1
0.031820 1
0.033352 1
0.032629 1
0.033593 1
0.033961 1
0.032243 1
0.033717 1
0.032270 1
0.034776 1
0.033616 1
0.032441 1
0.034550 1
0.034011 1
0.380761 3
0.272354 1
0.254995 5
0.296377 11
0.000135 62
0.000133 71
0.004171 223
0.000211 49
3.453727 11
0.000236 71
0.004018 223
0.000181 8
0.000013 41
0.106837 11
0.000239 71
0.003809 223
0.000210 49
2.402041 1
0.092587 1
0.375323 1
0.147489 1
0.204540 1
0.091238 1
0.173908 1
0.062653 1
0.157707 1
0.864914 1
0.551297 1
0.237659 1
0.155818 1
0.197047 1
0.444966 1
0.103658 1
0.453134 1
0.638893 1
0.349010 1
0.690933 1
0.339600 1
0.137801 1
0.124983 1
0.093066 1
0.950177 11
0.000149 10
1.622666 1
0.101628 1
0.080845 1
0.128107 1
0.134423 1
0.336575 1
0.398704 1
0.109841 1
0.126131 1
0.510868 1
0.248760 1
0.355587 11
0.000044 8
0.000011 2
1.104914 1
0.199031 1
0.154990 1
0.092062 1
0.167714 1
0.180938 1
0.189771 1
0.135405 1
0.113669 1
0.064784 1
0.141437 1
0.119151 1
0.185245 1
0.322858 1
0.316811 1
0.568482 1
0.374011 1
0.390722 1
0.149784 1
0.089153 1
0.339414 1
0.138021 1
0.070014 1
0.563340 1
0.717761 1
0.161135 1
0.365368 1
1.004020 11
0.000144 10
0.278311 1
0.085084 1
0.059485 1
0.076109 1
0.171128 11
0.005270 225
0.003631 10
0.000048 23
0.000242 10
0.000076 23
0.000212 10
0.000068 23
0.000218 10
0.000051 23
0.000200 10
0.000074 23
0.000217 10
0.000040 23
0.000147 10
0.000046 23
0.000145 10
0.000054 23
0.000156 10
0.000052 23
0.000146 11
0.000063 24
0.000140 11
0.000044 24
0.000148 11
0.000044 24
0.000156 11
0.000052 24
0.000150 11
0.000050 24
0.000144 11
0.000044 24
0.000163 11
0.000046 24
0.000162 11
0.000048 24
0.000148 11
0.000043 24
0.000143 11
0.000047 24
0.000150 11
0.000059 24
0.000153 11
0.000036 24
0.000157 11
0.000043 24
0.000147 11
0.000063 24
0.000164 11
0.000052 24
0.000178 11
0.000056 24
0.000193 11
0.000052 24
0.000214 11
0.000039 24
0.000180 11
0.000045 24
0.000169 11
0.000045 24
0.000146 66
1.000485 66
2.000401 66
4.000400 66
8.000085 59
0.000139 66
1.000497 66
2.000272 66
4.000420 66
8.000470 59
0.000167 66
1.000441 66
2.000160 66
4.000364 66
8.000339 125
1.000079 66
2.000197 66
4.000142 66
8.000455 59
0.000214 66
1.000478 66
2.000193 66
4.000435 66
8.000410 59
0.000197 66
1.000455 66
2.000355 66
4.000419 66
7.525343 2
0.000061 37
0.000047 2
0.000256 66
0.920814 2
0.000076 37
0.000044 2
0.000202 66
0.380434 2
0.000019 37
0.000324 68
0.195196 2
0.000028 37
0.000110 2
0.000180 66
0.190811 2
0.000037 37
0.000069 2
0.000195 66
0.182427 2
0.000016 37
0.000038 2
0.000144 66
0.170198 2
0.000093 39
0.000210 66
0.182262 2
0.000021 37
0.000108 2
0.000193 66
0.175442 2
0.000053 37
0.000048 2
0.000287 66
0.172367 2
0.000099 37
0.000014 2
0.000216 66
0.272089 2
0.000037 37
0.000103 2
0.000189 66
0.201619 107
0.170680 2
0.000020 37
0.000087 2
0.000205 66
0.273246 2
0.000018 37
0.000036 2
0.000215 66
0.033238 2
0.000036 37
0.000092 2
0.000263 66
0.033206 2
0.000027 37
0.000096 2
0.000196 66
0.033527 2
0.000014 37
0.000010 2
0.000128 66
0.032052 2
0.000036 37
0.000194 2
0.000202 66
0.033228 2
0.000029 37
0.000093 2
0.000188 66
0.032868 39
0.000014 2
0.000097 66
0.033858 2
0.000019 37
0.000087 2
0.000202 66
0.031040 2
0.000053 37
0.000173 2
0.000197 66
0.031977 2
0.000017 37
0.000102 2
0.000124 66
0.034468 2
0.000014 37
0.000028 2
0.000157 66
0.032400 2
0.000028 37
0.000121 2
0.000224 66
0.032210 2
0.000061 37
0.000042 2
0.000252 66
0.033972 2
0.000064 37
0.000011 2
0.000170 66
0.033230 2
0.000074 37
0.000037 2
0.000175 66
0.036656 2
0.000052 37
0.000018 2
0.000190 66
0.029102 2
0.000045 37
0.000048 2
0.000204 66
0.034385 2
0.000086 37
0.000016 2
0.000225 66
0.033309 2
0.000108 37
0.000015 2
0.000238 66
0.033183 2
0.000072 37
0.000045 2
0.000229 66
0.032167 2
0.000031 37
0.000113 2
0.000189 66
0.031318 2
0.000045 37
0.000095 2
0.000144 66
0.030821 2
0.000019 37
0.000126 2
0.000171 66
0.033950 2
0.000056 37
0.000037 2
0.000173 66
0.032821 2
0.000099 37
0.000014 2
0.000271 66
0.033117 2
0.000108 37
0.000069 2
0.000208 66
0.032108 2
0.000041 37
0.000082 2
0.000180 66
0.033316 2
0.000046 37
0.000096 2
0.000193 66
0.033147 2
0.000023 37
0.000053 2
0.000168 66
0.032410 2
0.000044 37
0.000083 2
0.000194 66
0.032180 2
0.000028 37
0.000106 2
0.000165 66
1.000468 66
2.000464 66
4.000396 66
8.000447 59
0.000127 66
1.000238 66
0.528975 37
0.000025 64
0.000164 66
1.001506 73
0.001569 66
1.000208 66
2.000869 66
1.002712 223
0.000346 128
0.000033 49
75.038797 11
0.000747 1335
0.000028 320
0.001231 73
0.003589 223
0.000335 49
1.389505 11
0.001354 73
0.003633 223
0.000210 49
0.613605 11
0.001073 73
0.003093 223
0.000124 49
46.201093 1
0.176705 1
0.154384 1
0.079960 1
0.082432 11
0.005272 231
0.000801 45
0.002771 73
0.002408 236
0.000168 8
0.000017 59
1.056841 1
0.049271 1
0.558195 1
0.587319 1
0.164142 1
0.201430 1
0.101424 1
0.183809 1
0.125552 1
0.080026 1
0.451728 1
0.156066 11
0.004877 238
0.123359 14
0.927587 2
0.039636 220
0.074191 241
0.000288 80
1.266688 4
0.347323 74
2.474556 11
0.004436 243
0.001602 11
0.000049 24
0.000130 35
0.000146 11
0.000022 24
0.000131 11
0.000023 24
0.000151 11
0.000033 24
0.000170 11
0.000032 24
0.000198 11
0.000019 24
0.000176 11
0.000027 24
0.000175 11
0.000015 24
0.000150 12
0.000026 25
0.000145 12
0.000036 25
0.000285 12
0.000038 25
0.000181 12
0.000068 25
0.000148 12
0.000020 25
0.000150 12
0.000031 25
0.000152 12
0.000032 25
0.000177 12
0.000027 25
0.000134 12
0.000029 25
0.000127 12
0.000025 25
0.000141 12
0.000018 25
0.000137 12
0.000024 25
0.000129 12
0.000031 25
0.000131 12
0.000033 25
0.000170 12
0.000030 25
0.000142 12
0.000027 25
0.000139 12
0.000020 25
0.000136 12
0.000022 25
0.000135 12
0.000034 25
0.000177 12
0.000034 25
0.000161 12
0.000033 25
0.000164 12
0.000042 25
0.000170 12
0.000026 25
0.000198 12
0.000081 25
0.000214 12
0.000025 25
0.000162 12
0.000028 25
0.000133 62
0.002154 241
0.000155 8
0.000027 72
246.645657 1
0.981048 1
0.921039 4
0.135349 4
0.229424 11
0.000301 62
0.004113 241
0.000339 80
0.504096 11
0.000204 62
0.003277 241
0.000129 80
60.790033 11
0.000694 1116
0.000022 315
0.000008 135
0.000353 62
0.003772 241
0.000226 80
4.470911 1
0.165056 1
0.141965 1
0.118666 1
0.351900 11
0.004379 249
0.001017 45
0.001832 62
0.002514 236
0.000159 67
2.901409 1
0.057778 1
0.151910 1
0.132314 1
0.191806 1
0.099984 1
0.324739 1
0.164073 1
0.077304 1
0.088202 1
0.563480 1
0.144487 11
0.004427 238
0.121762 14
1.148443 2
0.039218 220
0.073182 241
0.000293 8
0.000019 72
4.470956 1
0.410419 1
0.153321 1
0.193745 1
0.119014 1
0.084788 1
0.087291 1
0.136098 1
0.148425 1
0.564928 11
0.005087 247
0.000132 62
0.002478 241
0.000106 80
173.965906 1
0.065075 1
0.123623 1
0.284420 1
0.138792 1
0.075476 1
0.379472 1
0.068129 1
0.664224 11
0.004348 243
0.003830 55
0.000036 449
0.000013 378
0.000011 126
0.000332 71
0.002809 241
0.000173 8
0.000012 72
3.312257 8
0.886664 4
0.817674 1
0.224004 11
0.004647 243
0.001371 953
0.000202 71
0.002317 241
0.000177 80
2.137904 8
0.332523 1
1.225639 1
0.174773 1
0.179339 1
0.124290 1
0.186567 1
0.094496 1
0.101698 1
0.189401 1
0.238436 11
0.005164 243
0.001669 302
0.000259 62
0.002592 241
0.000167 80
166.102773 1
0.174915 1
0.190292 1
0.067147 1
0.108468 11
0.005147 249
0.000537 45
0.001655 62
0.002386 236
0.000204 8
0.000013 59
0.913557 1
0.066018 1
0.086558 11
0.004459 238
0.001239 47
0.000269 62
0.002563 236
0.000140 8
0.000011 59
0.940500 1
0.159813 1
0.201071 1
0.090371 1
0.075062 2
0.000037 9
0.004090 244
