0.039657 50
0.002810 226
0.000292 57
10.616594 1
0.161251 1
0.350726 1
0.084130 1
0.165396 1
0.139846 1
0.236181 1
0.077689 1
0.108465 1
0.085194 1
0.252054 1
0.066090 1
0.216925 1
0.280708 1
0.159815 1
0.162969 1
0.149019 1
0.072441 1
0.251032 1
0.296804 1
0.727204 1
0.155465 1
0.086417 1
0.166236 1
0.100087 1
0.122254 1
0.131209 1
0.237367 1
0.158592 1
0.108331 1
0.843082 1
0.539929 4
1.451433 1
0.151585 1
0.327078 1
0.431295 1
0.150801 1
0.333886 1
0.504084 4
0.225445 1
0.287444 1
0.081893 1
0.109865 1
0.131594 1
1.079653 1
2.692371 1
0.202072 1
0.080884 1
0.337121 1
0.139016 1
0.071629 1
0.128059 1
0.820500 1
0.135283 1
0.101260 1
0.161593 1
0.082845 1
0.194626 1
0.102086 1
0.075358 1
0.219441 1
0.233867 11
0.000207 62
0.003409 226
0.000152 57
5.023072 1
0.057341 1
0.183196 1
0.074441 1
0.162433 11
0.004284 274
0.000041 62
0.002996 226
0.000163 57
3.378803 1
0.224013 1
0.143812 1
0.273333 11
0.004561 228
0.007348 33
0.979632 73
0.002833 226
0.000111 57
0.219227 19
0.000022 11
0.001075 87
0.003267 226
0.000154 57
1.845310 1
0.057483 1
0.044188 1
0.111432 1
0.057884 1
0.087932 11
0.004736 228
0.014709 10
0.000048 345
159.646026 11
0.000255 62
0.003821 226
0.001334 57
797.156499 1
0.446119 1
0.443586 1
0.043232 1
0.763144 1
1.874327 1
0.180945 1
0.179809 1
0.125329 1
0.146656 1
0.539479 1
0.337427 1
0.744727 1
0.100710 1
0.589801 1
0.361989 1
0.176810 1
0.244615 1
1.079356 1
0.445875 1
1.211858 1
0.073468 1
0.399803 1
0.198668 1
1.190943 1
0.766971 11
0.000703 62
0.004083 226
0.000314 57
1.427642 1
0.088573 1
0.207196 1
0.603742 1
0.278592 1
0.405111 1
1.102578 11
0.004722 228
0.019518 487
0.000071 300
0.000395 62
0.003085 226
0.000138 8
0.000022 49
20.373408 1
0.143120 1
0.359847 1
0.126433 1
0.759844 1
0.330204 1
0.247227 1
0.321586 1
0.614836 4
0.130331 4
0.151340 4
0.556101 1
0.233090 1
0.066157 1
0.696448 1
0.038512 1
0.773765 1
0.094026 1
2.930829 4
0.138239 4
0.245486 1
0.049920 1
0.426275 1
0.077284 1
1.439423 1
0.200820 1
0.060580 1
0.746411 1
3.057530 11
0.000510 62
0.003095 226
0.000107 8
0.000029 49
46.235785 1
0.112207 1
0.090907 1
0.129996 1
0.212667 1
0.340644 1
0.213306 11
0.004673 228
0.015149 786
0.005985 5530
0.009836 4095
0.008780 4095
0.007618 4095
0.009503 4095
0.011106 4095
0.006308 2752
2.840430 6
0.105903 1
1.165605 4
0.138538 4
0.143188 4
0.152026 4
0.151580 4
0.143108 4
0.143310 4
0.406640 1
0.404052 4
0.343467 1
0.134497 1
2.235035 1
0.243125 1
2.207650 1
1.601874 1
0.128097 1
0.084186 1
2.539616 1
0.113238 1
0.107036 1
0.165865 1
0.237728 1
0.151033 1
0.143751 1
0.085927 1
0.590241 1
0.103901 1
1.690836 2
0.000023 71
0.003376 226
0.000154 57
0.335128 1
0.331148 1
1.739244 1
0.134541 1
0.138314 1
0.144277 1
0.164503 1
0.142507 1
0.114360 1
0.102032 1
0.098976 1
0.337691 1
0.066771 1
0.103522 1
0.164136 1
0.086490 1
0.177268 1
0.285302 1
2.094683 1
0.123370 1
0.108556 1
0.153683 1
0.087177 1
0.259445 1
0.292270 1
6.243136 4
0.136118 4
4.186395 1
0.128893 1
0.382027 1
0.052936 1
0.144216 1
6.714739 1
0.288566 1
0.468453 1
0.138991 1
0.627691 1
0.614723 1
0.215376 1
0.981298 1
0.205394 1
0.373717 4
0.107029 1
0.142017 1
0.159436 1
0.472430 1
0.796999 4
0.270124 4
0.033584 4
0.031560 4
0.032626 4
0.034705 4
0.033411 4
0.031305 4
0.033345 4
0.031765 4
0.033767 4
0.031690 4
0.033589 4
0.033220 4
0.653844 1
0.114448 1
0.232837 1
0.339061 1
0.155698 1
0.168414 1
0.537747 1
0.210263 1
0.348538 1
0.194098 1
0.285369 1
0.192866 1
0.625824 1
1.983065 11
0.000032 62
0.003139 226
0.000130 57
1.827059 1
0.074759 1
0.077186 1
0.081707 1
0.094589 1
0.064857 11
0.003949 228
0.012764 10
0.000057 345
70.002065 1
0.308879 1
0.501077 1
0.106713 1
0.180692 1
0.088374 1
0.088210 1
0.107143 1
0.909330 1
0.039135 1
0.103539 1
0.469183 1
0.219149 1
0.107545 1
0.363846 4
0.110278 4
0.176299 1
0.069616 1
0.280436 2
0.000020 9
0.004166 228
0.128774 11
0.117043 4095
0.000483 4095
0.000481 4095
0.000470 4095
0.000087 705
3.008324 4095
0.000544 4095
0.000514 4095
0.000492 4095
0.000060 443
3.009024 4095
0.000759 4095
0.000538 4095
0.000497 4095
0.000034 212
3.008456 4095
0.000538 4095
0.000502 4095
0.000505 4095
0.000034 212
0.725022 23
0.000752 73
0.003712 226
0.000197 57
232.687528 1
0.097610 1
1.076161 1
0.310828 1
0.138302 1
0.138563 1
0.577633 1
0.094378 1
0.770450 1
0.570273 1
0.081558 1
1.616999 1
0.115903 1
0.090719 1
0.182545 1
0.208740 1
0.516564 1
0.576779 1
0.225499 1
0.301691 1
0.493616 1
0.627127 1
1.627229 11
0.004932 228
0.000569 10
0.000018 62
0.002420 226
0.000199 8
0.000042 49
0.343874 1
0.111096 1
0.128054 1
0.151116 1
0.100505 1
0.111957 1
1.920272 11
0.004003 228
0.018473 864
0.000016 62
0.000610 226
0.000129 57
2.537754 1
0.264086 1
0.075360 1
1.270233 3
0.216534 9
0.101990 5
0.165612 5
0.100220 5
0.115682 5
0.092189 5
0.077230 9
0.102609 5
0.286001 5
0.095133 5
0.150834 5
0.231209 11
0.003203 228
0.103540 11
0.117564 4095
0.000488 4095
0.000551 4095
0.000482 4095
0.000090 709
3.008070 4095
0.000686 4095
0.000759 4095
0.000751 4095
0.000053 208
3.008380 4095
0.000611 4095
0.000500 4095
0.000482 3960
3.008830 4095
0.000555 4095
0.000508 4095
0.000478 3956
0.748374 23
0.000727 73
0.003472 226
0.000185 57
43.357523 1
0.147977 1
0.367799 1
0.086270 1
0.699415 11
0.003946 228
0.010358 34
0.000183 16
0.121994 969
0.000533 4095
0.000399 4095
0.000374 4095
0.000031 219
1.210162 341
0.278389 394
0.042022 529
0.023139 360
0.036334 357
0.032501 435
0.034284 424
0.291934 428
0.184054 421
0.166671 357
0.155363 360
0.177808 394
1.234778 927
0.264529 395
0.033233 394
0.033923 360
0.034707 357
0.031030 435
0.532379 424
1.306666 883
0.257570 301
0.033311 312
0.361626 301
1.512803 1105
1.512158 801
1.069152 4095
0.000452 4095
0.000447 4095
0.000041 187
0.884875 70
0.230493 70
0.177760 70
0.168701 70
0.815972 2266
0.280355 6180
0.000664 4095
0.000229 2029
1.510185 237
0.072261 4095
0.000438 4095
0.000421 4095
0.000029 135
0.634937 88
0.000960 618
0.000091 321
1.510929 219
0.970630 120
0.000663 4095
0.000623 4095
0.000556 4095
0.000020 22
2.722467 291
0.558558 70
0.208785 1197
0.665748 218
0.000054 150
0.274311 245
0.000103 247
0.032024 332
0.000046 136
0.033571 364
0.034122 228
0.000049 120
0.033958 340
0.031534 332
0.034908 358
0.032257 383
0.033552 373
0.032525 340
0.040741 329
0.032602 326
0.199926 320
0.000870 1179
0.000608 4095
0.000518 4095
0.000067 387
2.130436 139
0.000044 239
0.000097 480
0.299566 410
0.270567 334
0.032133 334
0.035033 334
0.032161 334
0.031872 334
0.034489 410
0.034411 486
0.035329 486
0.033952 192
0.000067 294
0.032529 485
0.035582 191
0.000065 283
0.040186 474
0.030546 474
0.032676 474
0.035597 191
0.000066 283
0.036414 488
0.217478 101
0.000067 298
1.512076 253
1.141023 31
0.003064 62
0.003522 226
0.000191 57
85.202298 1
0.158563 1
3.614483 1
0.124361 1
0.398897 1
0.258438 1
0.584102 1
0.461039 1
0.473306 1
0.104049 1
0.202854 1
0.399388 1
0.133327 1
0.215422 1
0.055501 1
0.206279 1
0.124367 1
0.102839 1
0.318030 1
0.787381 1
0.235122 1
0.218465 1
0.168622 1
0.228487 1
0.185921 1
0.218627 1
0.675875 1
0.219624 1
0.108328 1
0.104090 1
0.165719 1
0.089372 1
0.161747 1
0.103647 1
0.137933 1
0.105871 1
0.365708 1
0.140715 1
0.144453 1
0.075658 1
0.179692 1
0.106475 1
0.094170 1
0.037700 1
0.381103 1
0.624221 4
1.016929 11
0.000039 62
0.003289 226
0.000179 8
0.000033 49
0.128146 1
1.026787 1
0.174035 1
0.447601 1
0.381243 4
0.144906 4
0.158503 4
0.700535 1
0.934898 1
0.122842 1
0.134756 1
0.335746 1
0.148055 1
0.463039 1
2.241137 1
1.989162 1
1.402883 1
0.190625 1
0.090738 1
0.101682 1
0.212429 1
0.085405 1
0.110768 1
0.114928 1
0.160742 1
0.462097 1
0.107203 1
0.214922 1
0.138711 1
0.142696 1
0.077929 1
0.130032 1
0.325142 1
0.227073 1
1.756860 1
0.154013 1
0.252206 1
0.086165 1
0.128816 1
0.126515 1
0.346995 1
0.119837 1
0.293996 1
0.148525 1
0.268633 1
0.667749 1
0.100592 1
0.062083 1
0.527248 1
0.094329 1
0.124987 1
0.350276 1
0.131189 1
0.235928 1
0.235810 1
2.838648 2
0.000026 71
0.002984 226
0.000150 8
0.000031 49
107.092470 1
0.079793 1
0.124931 1
0.513156 1
0.114585 1
0.099214 11
0.004164 228
0.009946 10
0.000051 400
0.213047 1
0.085596 1
0.105295 1
0.082429 1
0.081438 1
0.089721 1
0.254635 1
1.087611 1
0.062144 1
4.965556 11
0.004738 228
0.140835 87
0.000048 198
0.000255 62
0.002605 226
0.000146 8
0.000023 49
21.377603 1
0.053767 1
0.103726 1
0.105037 1
0.027114 1
0.080574 1
0.120175 1
0.391064 1
0.069745 1
0.174349 1
0.102309 1
0.173090 1
0.080298 1
0.318484 1
0.585430 1
0.133708 1
0.201196 1
0.095041 1
0.083858 1
0.100326 1
0.097388 1
0.179435 1
0.187142 1
0.168830 1
0.108751 1
0.161951 1
0.162704 1
0.373649 1
0.218621 1
0.078275 1
0.110589 1
0.086651 1
0.086456 1
0.426628 4
0.072976 1
0.525334 1
4.167653 1
0.124957 1
0.077297 1
0.106830 1
0.111820 1
0.981388 1
0.165692 1
0.158373 1
0.127190 1
0.492674 1
0.224143 1
0.096552 1
0.569494 1
0.588836 1
0.890176 1
0.291691 1
0.226970 1
0.954890 1
0.706079 1
0.242331 1
0.735043 1
0.345893 1
0.069903 1
0.128042 1
0.390252 1
0.219805 1
0.347160 1
0.028141 1
0.341229 4
0.113419 4
0.459498 1
0.054931 1
0.256971 1
1.582531 1
0.203802 1
0.231116 1
0.074662 1
0.131516 1
0.263377 1
0.222698 1
0.098325 1
0.222503 1
1.006125 1
0.181183 1
0.063937 1
67.590376 75
4.415655 9
0.070770 5
0.114941 5
0.312193 5
0.245433 5
0.132094 5
0.374848 5
0.227107 5
0.099305 5
0.609564 5
0.417991 5
0.203732 5
0.211934 5
0.161969 5
0.165465 5
0.151602 5
0.118545 5
0.216982 5
0.115818 5
0.076339 5
0.078821 5
0.158557 5
0.515302 5
0.805744 5
0.120396 5
0.222192 5
100.473540 11
0.005310 228
0.073119 14
0.099315 66
0.180468 62
0.003044 226
0.000245 8
0.000018 49
32.401459 1
0.080499 1
0.095198 1
0.067370 1
0.076151 1
0.077880 1
0.120768 1
0.129619 1
0.057006 1
0.214071 11
0.005199 228
0.023279 93
0.000082 351
0.000223 62
0.002860 226
0.000125 8
0.000021 49
99.439615 1
0.077216 1
0.116487 1
0.074135 1
0.070073 1
0.089450 1
0.205707 1
1.361365 1
0.201905 1
0.207488 1
0.638046 1
0.152625 1
0.117266 1
0.187087 1
2.982467 4
0.119921 4
0.234888 1
0.216683 1
0.973248 1
0.481473 1
2.203969 1
0.538260 1
0.167513 1
0.657408 1
0.085006 1
1.745719 1
0.089538 1
0.498973 1
0.442961 1
0.358406 1
0.722911 1
0.146437 1
0.092206 1
0.245771 1
0.139603 1
0.251602 1
0.568238 1
0.230064 1
0.360904 1
0.156774 1
0.181294 1
0.102848 1
0.087461 1
0.174079 1
0.108497 1
0.161271 1
0.170189 1
0.131650 1
0.161993 1
0.165115 1
0.238834 1
0.235890 1
0.067872 1
1.494313 11
0.005101 228
0.705839 34
0.015843 40
0.006576 41
0.367738 38
0.008902 29
0.026674 62
0.003345 226
0.000292 8
0.000025 49
1.093880 49
0.911756 4
0.273142 4
0.032644 4
0.035287 4
0.033795 4
0.036302 4
0.034824 4
0.035465 4
0.030706 4
0.031180 4
0.032807 4
0.032330 4
0.032519 4
0.033855 4
0.034482 4
0.032570 4
0.033626 4
0.033371 4
0.033724 4
0.033532 4
0.034239 4
0.034529 4
0.034496 4
0.032700 4
0.034549 4
0.034905 4
0.035821 4
0.270887 4
1.558882 1
0.173586 1
0.185225 1
0.149215 1
0.243825 1
0.156568 1
0.139207 1
0.213497 1
0.070107 1
0.129250 1
0.368641 1
0.122648 1
0.036608 1
0.117082 1
0.088237 1
0.185319 1
0.215986 1
0.070598 1
0.033168 1
0.522569 2
0.000024 9
0.005586 228
0.050487 84
0.002842 62
0.002852 226
0.000100 8
0.000024 49
274.343659 1
0.130205 1
0.349001 1
0.118860 1
0.192671 1
0.203090 1
0.057591 1
0.153570 1
0.149256 1
0.042402 1
0.136854 1
2.102558 1
0.440210 1
0.134307 1
0.166254 1
0.790904 1
0.236263 1
1.957801 1
0.190499 1
1.126450 4
0.137465 4
0.193231 1
0.552198 4
0.211429 1
0.459820 1
0.372914 1
0.764581 4
0.138360 4
0.530708 4
0.364814 1
0.143580 1
0.385584 1
0.677876 1
0.802455 11
0.000450 62
0.003287 226
0.000414 57
3.121363 1
0.050622 1
0.118626 1
0.073507 1
0.075202 1
0.079859 1
0.115794 1
0.285712 1
0.166782 1
0.166732 1
0.187956 1
0.094400 1
0.358523 1
0.178686 1
0.165978 1
0.119320 1
0.197302 1
0.141741 1
0.158265 1
0.391390 1
0.099852 1
0.096357 1
0.074870 1
0.633418 1
0.225639 1
0.670437 1
2.383111 4
2.696020 1
0.103421 1
0.865486 1
1.959981 4
0.274520 4
0.032540 4
0.032633 4
0.032274 4
0.031774 4
0.031180 4
0.034901 4
0.033532 4
0.032468 4
0.031460 4
0.034394 4
0.033860 4
0.031516 4
0.032200 4
0.208836 4
1.205964 33
0.141200 61
0.765068 4
0.265956 4
0.034795 4
0.033574 4
0.036220 4
0.034726 4
0.034706 4
0.035661 4
0.032506 4
0.031442 4
0.031254 4
0.033286 4
0.038305 4
0.034096 4
0.032555 4
0.033531 4
0.034553 4
0.034987 4
0.310674 4
2.477596 1
0.094342 1
0.128259 1
0.147585 1
0.101014 1
0.119715 1
0.197139 1
0.241475 1
1.221646 1
0.212661 1
0.258111 1
0.617547 1
0.210185 1
0.173481 1
0.243077 1
0.158107 1
0.089081 1
0.211077 1
0.109495 1
0.177788 1
0.213740 1
0.117954 1
0.176558 1
0.090359 1
0.093699 1
0.175109 1
0.198776 1
0.277539 1
0.761873 1
0.121653 1
0.943339 1
0.100705 1
0.121490 1
0.109928 1
0.334504 1
0.386034 4
0.191494 1
0.069750 1
0.114805 1
0.388343 1
0.420898 1
0.079260 1
0.067568 1
0.692832 1
0.825809 2
0.000022 9
0.004715 228
0.000205 10
0.000187 62
0.002606 226
0.000148 8
0.000023 49
0.053202 60
0.017283 48
1.242295 63
0.390953 1
0.271590 1
0.032776 1
0.035316 1
0.035447 1
0.033653 1
0.033645 1
0.035540 1
0.035476 1
0.037550 1
0.029664 1
0.035551 1
0.035504 1
0.032729 1
0.629020 1
0.266966 1
0.035022 1
0.032139 1
0.034638 1
0.032505 1
0.033568 1
0.032560 1
0.033568 1
0.032547 1
0.032517 1
0.032614 1
0.033583 1
0.031642 1
0.033516 1
0.033542 1
0.040611 1
0.033643 1
0.033390 1
0.034957 1
0.344222 5
0.314960 11
0.005172 228
0.000163 10
0.000166 62
0.002302 226
0.000142 8
0.000021 49
0.064937 60
0.183831 48
0.793792 11
0.000211 62
0.003597 226
0.000125 8
0.000025 49
54.466550 219
4.762723 219
11.864463 11
0.000149 193
0.000055 62
0.002330 1
0.001849 226
0.000194 58
0.792233 4
13.647522 64
1.481955 141
2.374995 1
0.388040 1
0.070932 1
0.129922 1
0.159461 1
0.095054 1
0.131647 1
0.167026 1
0.153991 1
0.323205 1
0.091378 1
0.142201 1
0.234781 1
0.178012 1
0.155129 1
0.089746 1
0.196031 1
0.155937 1
0.103577 1
0.827710 4
0.273064 4
0.031366 4
0.034728 4
0.034605 4
0.033274 4
0.877079 1
0.180544 1
0.096751 1
0.204017 1
0.152635 1
0.082685 1
0.171474 1
0.068322 1
0.416218 1
0.228901 1
0.326205 1
0.234789 1
0.083799 1
0.086260 1
0.210148 1
0.062998 1
0.157331 1
0.543772 1
0.107416 1
0.138144 1
0.076685 1
0.121163 1
0.095865 1
0.203601 1
0.075090 1
0.082287 1
0.132031 1
0.852088 1
0.088242 1
0.011246 1
0.427987 4
13.939956 11
0.004593 228
0.000181 10
0.001145 21
0.000016 29
0.000270 73
0.002815 226
0.000170 8
0.000030 49
0.042747 60
0.016439 48
3.534108 105
0.496749 1
0.273532 1
0.031429 1
0.713739 209
1.110730 1
1.149449 1
0.270460 1
0.035483 1
0.035037 1
0.033209 1
0.034549 1
0.033464 1
0.033631 1
0.032519 1
0.032651 1
0.034601 1
0.034474 1
0.034586 1
0.034078 1
0.032043 1
0.033559 1
0.033602 1
0.033538 1
0.033553 1
0.034485 1
0.238744 120
0.475422 141
0.170698 111
0.631854 209
1.362658 141
0.757797 108
0.882787 84
5.695211 141
0.463566 11
0.004702 228
0.000137 10
0.000181 62
0.003056 226
0.000145 8
0.000031 49
0.064755 60
0.166808 48
1.003135 11
0.000409 62
0.003583 226
0.000162 57
39.891157 219
19.136521 219
12.562046 11
0.000750 255
0.004455 226
0.000409 57
55.694383 1
0.076636 1
0.230770 1
0.222478 1
0.115120 1
0.135810 11
0.003958 228
0.011700 10
0.000055 345
12.339175 1
0.309985 1
0.522855 4
0.200217 1
0.189972 1
0.316018 1
0.253326 11
0.004820 228
0.000085 62
0.003094 226
0.000166 57
1.651646 1
0.218687 1
0.157349 1
0.056442 1
0.256616 11
0.000108 10
0.941337 11
0.000092 10
1.302644 30
0.001074 87
0.003503 226
0.000509 57
1.354657 1
0.405178 1
0.397397 1
0.029446 1
0.712801 11
0.004527 228
0.000091 62
0.003152 226
0.000113 57
0.870774 1
0.084479 1
0.026678 1
0.110053 1
0.086339 1
0.039131 11
0.004859 228
0.014605 10
0.000047 345
5.751067 1
0.242860 1
0.243263 1
0.122538 1
0.067070 1
0.319621 1
0.162945 1
3.665061 4
4.010571 1
1.035035 4
0.270059 1
0.204653 1
0.271681 11
0.000144 62
0.003028 226
0.000100 57
1.103602 1
0.384637 1
3.923013 1
0.842832 4
1.066971 1
0.244042 1
0.130471 1
0.192133 1
0.270707 1
0.378945 1
0.237742 1
0.290746 1
0.148366 1
0.146137 1
0.079306 1
0.503906 1
0.319309 1
0.309576 1
1.079737 1
1.126415 4
0.225628 1
0.910608 4
3.548042 1
1.005030 4
0.193676 1
0.648821 4
0.163523 1
0.491802 1
3.941658 1
0.158785 1
0.427886 4
0.097341 1
0.178859 1
0.325229 1
0.271552 1
0.111609 1
0.067251 1
0.135202 1
0.584618 1
0.357661 1
0.117066 1
0.240055 1
0.077073 1
0.961500 1
3.032601 1
0.113677 1
0.354582 1
0.307759 1
0.181418 1
0.222112 1
0.126752 1
0.194245 1
0.259040 1
0.081065 1
0.499760 11
0.000230 62
0.003779 226
0.000184 57
0.250938 1
0.397775 1
0.129570 1
0.152320 1
0.117961 1
0.139930 1
1.150209 1
0.601235 1
0.218160 1
0.084742 1
0.145079 1
0.203487 1
0.790211 1
0.289451 1
0.248198 1
0.200721 1
1.566837 1
0.234782 1
1.782002 1
0.097597 1
0.260056 1
0.556594 1
0.553971 1
0.062134 1
0.095729 1
0.363936 1
0.211300 1
0.209259 1
2.695330 11
0.000194 62
0.003645 226
0.000199 57
1.171715 1
0.199740 1
0.156426 1
0.159392 1
0.145563 1
0.159387 1
0.314573 1
0.361567 1
0.348860 1
1.715827 1
0.136718 1
0.153313 1
0.118151 1
0.271789 1
0.173003 1
0.277694 1
0.623001 1
0.725486 1
2.508841 1
0.141391 1
0.263055 1
0.233167 1
0.132180 1
0.109586 1
1.207916 4
0.143773 4
0.134368 4
0.143217 4
0.148891 4
0.178105 4
0.122203 1
0.134805 1
0.184662 1
0.084939 1
0.152411 1
6.302957 1
0.775987 1
0.149987 1
0.130658 1
0.190187 1
0.456443 1
6.014464 1
0.173799 1
0.240384 1
0.191537 1
0.158917 1
0.106558 1
0.689339 1
1.228597 4
1.942721 11
0.000242 62
0.003424 226
0.000187 57
0.421222 1
0.297384 1
2.142518 1
0.167613 1
0.211195 1
0.187333 1
1.030842 1
0.596754 1
0.200905 1
0.136747 1
0.157430 1
0.152442 1
0.092720 1
0.249526 1
0.126666 1
0.193496 1
0.700450 1
0.827107 1
0.721631 1
0.165872 1
0.180196 1
0.507989 1
0.225063 1
0.135244 1
0.117838 1
0.169774 1
0.111885 1
0.163952 1
0.133090 1
0.645654 1
0.188029 1
0.224496 1
0.214757 1
0.166823 1
0.115351 1
1.906568 1
1.773220 1
0.813383 1
0.074809 1
0.112748 1
0.136907 1
0.114133 1
0.101079 1
0.103931 1
0.123695 1
0.114183 1
0.291964 1
0.011229 1
0.427451 4
0.408544 1
0.446525 11
0.000239 62
0.003587 226
0.000132 57
0.447032 1
0.414412 1
0.253370 1
0.162225 1
0.138407 1
0.142249 1
0.451742 1
0.199634 1
0.323074 1
0.251594 1
0.169688 1
0.146646 1
0.086674 1
0.233661 1
0.114413 1
0.721039 1
0.608525 1
0.721352 1
0.278410 1
0.235978 1
0.117509 1
0.075100 1
0.522207 1
0.906935 4
0.140757 4
0.136310 4
0.139504 4
0.145949 4
0.280646 1
0.147641 1
0.173625 1
0.100912 1
0.231512 1
0.162603 1
0.195503 1
0.173909 1
0.185057 1
0.126676 1
0.054657 1
0.139821 1
1.763216 1
0.111482 1
0.175186 1
0.137043 1
1.271926 11
0.000232 62
0.003881 226
0.000141 57
0.667018 11
0.000195 62
0.003415 226
0.000199 57
1188.579407 1
0.042757 1
0.347843 1
0.429713 1
0.207109 1
1.101411 1
0.578699 1
0.086208 1
1.516657 1
0.132681 1
1.103016 11
0.004810 228
0.001430 141
0.000153 62
0.003006 226
0.000302 57
58.401953 1
0.106995 1
0.214900 1
0.276035 1
0.483095 1
1.087918 1
0.555735 1
0.324436 1
0.141389 1
0.151445 1
0.174480 1
0.245684 1
0.119996 1
0.082558 1
0.185986 1
0.150852 1
0.092489 1
0.162102 1
0.200320 1
0.390423 1
0.114152 1
0.114611 1
0.340354 1
0.423669 1
0.459027 1
0.094058 1
1.535118 1
24.340284 1
0.059630 1
0.117955 1
0.385053 1
0.192349 1
0.084365 1
0.187693 1
0.129882 1
0.225599 1
0.255632 1
0.282230 4
0.182977 4
0.765124 1
0.185111 1
0.161376 1
0.288502 1
0.066040 1
0.100293 1
0.154086 1
0.090529 1
0.121992 1
0.626673 1
0.042031 1
0.462772 11
0.005114 228
0.013307 1328
0.000152 62
0.002850 226
0.000124 57
309.458166 11
0.000764 62
0.004521 226
0.000360 57
0.122539 11
0.000245 62
0.004080 226
0.000191 57
1.258700 1
0.977581 1
0.185672 1
0.488801 1
0.337215 1
0.551026 1
1.253569 1
0.551511 1
0.090482 1
1.445649 11
0.004307 487
0.000111 582
0.000012 62
0.002842 226
0.000140 8
0.000023 49
270.911754 1
0.150563 1
0.177095 1
0.239395 1
0.068146 1
1.049038 1
0.448336 1
0.282872 1
1.499078 1
0.539789 1
0.093324 1
0.172272 1
0.657112 1
0.108882 1
4.487399 1
0.665318 1
0.311776 1
0.178685 1
0.171787 1
0.188959 1
0.170729 1
0.182404 1
0.192528 1
0.120443 1
0.099106 1
0.363617 1
0.161642 1
0.151790 1
1.832678 1
0.160279 1
0.446548 1
1.013259 1
0.096706 1
0.184825 1
0.219775 1
0.141842 1
0.198787 1
0.076705 1
0.163011 1
0.236256 1
0.175074 1
0.103882 1
0.180569 1
0.959508 1
0.242349 1
0.182966 1
0.163958 1
0.238819 1
0.237694 1
0.181190 1
0.048443 1
0.192452 1
0.150889 1
0.307292 1
0.941590 1
0.099769 1
0.200013 1
0.149388 1
0.407465 1
0.270908 1
0.363966 1
0.890400 1
0.136134 1
0.160596 1
0.260647 1
0.620081 1
0.245998 1
0.282990 1
0.095564 1
0.180505 1
0.175821 1
0.205398 1
0.186069 1
0.171265 1
0.164813 1
0.190273 1
0.130629 1
0.158668 1
0.175001 1
0.070842 1
0.677780 1
0.303623 1
0.306490 1
0.129179 1
0.168504 1
0.105204 1
0.229469 1
0.008467 1
1.536831 4
0.126019 4
0.198171 1
0.354765 1
0.065041 1
0.112038 1
0.171288 1
0.189266 1
0.073970 1
0.358564 1
1.028612 1
0.264095 1
0.593292 1
0.208028 1
0.214076 1
0.243806 1
0.248460 1
0.982350 1
0.811652 4
0.191433 1
2.278480 11
0.004597 228
0.031940 218
0.000016 10
1.028431 18
1.029543 18
1.029285 18
1.030238 18
1.027885 18
1.029232 18
1.029463 18
1.028641 18
1.030090 19
1.029846 18
1.029269 18
1.029161 18
1.028902 18
1.030079 18
1.029079 18
1.029211 18
1.028816 18
1.033049 18
1.031127 21
1.031358 18
1.030091 18
1.029603 18
1.030059 18
1.029897 18
1.029388 18
1.029711 18
1.030663 18
1.029158 18
1.028699 19
1.030173 18
1.029945 18
1.029416 18
1.030125 18
1.028604 18
1.028839 18
1.029292 18
1.028901 18
1.028992 19
1.029154 18
1.029376 18
1.029618 18
1.029764 18
1.029408 18
1.029631 18
1.029380 18
1.030185 18
1.029703 18
1.033056 19
1.031291 5
0.000123 50
0.000029 10
1.031712 28
1.029711 26
1.029492 26
1.035437 26
1.032218 26
1.031951 18
1.033322 18
1.032009 18
1.031927 19
1.032674 26
1.030425 18
1.029471 18
1.029955 18
1.031248 18
1.030957 18
1.030792 18
1.030199 18
1.031088 19
1.031759 18
1.031180 18
1.030804 18
1.030455 18
1.030292 18
1.029522 18
1.029333 18
1.029988 18
1.030449 18
1.029863 21
1.028366 18
1.028419 18
1.028278 18
1.029325 18
1.030291 18
1.029214 18
1.030068 18
1.029122 18
1.030582 18
1.029827 19
1.029682 18
1.029113 18
1.030210 18
1.028971 18
1.029065 18
1.029480 18
1.029469 18
1.029601 18
1.028916 18
1.029353 19
1.030325 18
1.029801 18
1.030207 18
1.029459 18
1.030967 18
1.030354 18
1.031015 18
1.031049 18
1.031621 19
1.030633 18
1.030705 18
1.031087 18
1.029493 18
1.030015 18
1.029206 18
1.030705 18
1.029599 18
1.029340 18
1.029674 19
1.030902 18
1.029688 18
1.029560 18
1.030729 18
1.029480 18
1.029820 18
1.029477 18
1.030254 18
1.029924 18
1.031498 19
1.030576 18
1.031058 18
1.030893 18
1.030462 18
1.029377 5
0.000223 51
0.000022 10
1.030747 18
1.030096 18
1.030497 18
1.031481 21
1.031567 18
1.034125 18
1.031296 18
1.032538 18
1.032393 5
0.000258 17
0.000012 10
1.029438 18
1.029365 18
1.030056 18
1.029561 18
1.030608 19
1.029889 18
1.029751 18
1.030041 18
1.031935 18
1.031814 18
1.030999 18
1.030176 18
0.852084 8
0.000779 62
0.003826 226
0.000248 57
3.656909 1
1.084705 1
0.142105 1
0.178767 1
0.116320 1
0.097487 1
0.108826 1
0.161128 1
0.469625 1
0.365675 1
0.563702 4
0.657081 11
0.004571 235
0.000020 62
0.002814 226
0.000130 57
26.418351 1
0.605576 1
5.266798 4
0.126726 4
0.161807 1
24.096474 1
0.087296 1
0.122486 1
0.570960 1
0.143453 1
0.163064 1
0.891084 1
0.170824 1
0.251651 1
0.477655 1
0.161765 1
0.063351 1
0.085590 1
0.183385 1
1.358414 1
0.174161 1
0.126059 1
0.181118 1
0.089734 1
0.202608 1
0.344005 4
0.188964 1
0.264326 1
0.099508 1
0.144909 1
0.171354 1
0.162029 1
0.064516 1
0.177539 11
0.004226 228
0.014126 32
0.000247 62
0.003075 226
0.000174 57
2.195955 26
0.164520 1
0.292921 1
0.730513 1
0.496526 1
0.178860 1
0.128118 1
0.176834 1
0.725174 1
0.259969 11
0.004591 228
0.014401 3
0.000145 62
0.002809 226
0.000154 8
0.000035 49
19.499084 34
0.172716 11
1.190402 40
0.449936 111
1.177175 11
0.004031 228
0.033226 251
0.000016 10
1.029999 18
1.031152 18
1.028843 21
1.030713 18
1.032674 18
1.032581 18
1.032767 18
1.031354 18
1.030001 18
1.029180 18
1.028726 18
1.030646 19
1.029887 18
1.030092 18
1.029554 18
1.030932 18
1.029235 18
1.030169 18
1.030139 18
1.031192 18
1.028864 18
1.028748 19
1.030177 18
1.030914 18
1.029561 18
1.030085 18
1.030626 18
1.030537 18
1.029259 18
1.029912 18
1.030110 18
1.030057 19
1.030718 18
1.032059 18
1.030034 18
1.030243 18
1.030315 18
1.031335 18
1.031731 18
1.030179 18
1.030105 19
1.029703 18
1.029842 18
1.029977 18
1.030553 18
1.029787 18
1.029629 18
1.029820 18
1.029969 18
1.029874 18
1.029587 19
1.029785 18
1.029782 18
1.030869 18
1.030637 18
1.029535 18
1.030840 18
1.029924 18
1.030129 18
1.029973 18
1.030769 21
1.030698 18
1.030499 18
1.030117 18
1.030754 18
1.029756 18
1.029670 18
1.029426 18
1.028470 18
1.028449 18
1.028532 19
1.028642 18
1.028327 18
1.028551 18
1.029086 18
1.029250 18
1.028529 18
1.029340 18
1.028380 18
1.028615 19
1.028851 18
1.030045 18
1.028284 18
1.029876 18
1.031627 5
0.000931 226
0.000135 815
1.030707 18
1.030754 18
1.030866 18
1.030097 18
1.031099 19
1.031263 18
1.031613 18
1.032071 18
1.031493 18
1.032335 18
1.033312 18
1.032777 18
1.032281 18
1.032994 18
1.031271 19
1.032357 18
1.031348 18
1.031857 18
1.031539 18
1.031492 18
1.032534 18
1.031714 18
1.032483 18
1.032435 19
1.032871 18
1.031424 18
1.031368 18
1.032377 18
1.032572 18
1.032605 18
1.035292 18
1.033792 18
1.034341 18
1.031843 21
1.031244 18
1.031251 18
1.032609 18
1.031648 18
1.035460 18
1.034331 18
1.034564 18
1.031638 18
1.032882 18
1.031801 19
1.032457 18
1.059093 18
1.005959 18
1.031445 18
1.032207 18
1.031732 18
1.031678 18
1.033327 18
1.032446 19
1.031879 18
1.032614 18
1.032417 18
1.032689 18
1.031762 18
1.032779 18
1.032580 18
1.033042 18
1.032534 18
1.032802 19
1.032330 18
1.032382 18
1.033473 18
1.032396 18
1.032125 18
1.032162 18
1.032183 18
1.033251 18
1.032180 18
1.030978 19
1.032936 18
1.032473 18
1.032643 18
1.032016 18
1.032179 18
1.032568 18
1.033023 18
1.032331 18
1.032325 19
1.032339 18
1.032863 18
1.035757 18
1.034534 18
1.035059 18
1.035501 18
1.031203 18
1.032820 18
1.031627 18
1.031910 21
1.032007 18
1.032010 18
1.032532 18
1.032835 18
1.035641 18
1.035314 18
1.035188 18
1.032676 18
1.032241 18
1.032357 19
1.032565 18
1.032643 18
1.033122 18
1.032004 18
1.032970 6
0.000053 18
0.000014 11
1.032458 6
0.000116 53
0.000016 11
1.031960 6
0.000102 29
1.032601 18
1.032241 74
1.031939 6
0.000047 43
0.000018 48
0.000013 10
1.031518 6
0.000115 19
0.000012 10
1.033543 18
1.031709 6
0.000114 19
0.000019 10
1.032315 6
0.000079 29
1.030392 6
0.000122 19
0.000015 10
1.032049 6
0.000139 29
1.031954 6
0.000116 19
0.000016 10
1.031831 6
0.000136 18
0.000017 11
1.032062 6
0.000093 20
0.000017 10
1.032009 6
0.000098 19
0.000016 10
1.032930 6
0.000124 29
1.031750 18
1.031464 18
1.032309 18
1.032572 18
1.032010 18
1.037834 18
1.034143 18
1.034212 19
1.031562 18
1.035550 18
1.034512 18
1.034191 18
1.034805 18
1.034171 18
1.034219 18
1.031652 18
1.031170 18
1.032540 19
1.031083 18
1.031880 18
1.031361 18
1.031803 18
1.031165 18
1.030917 18
1.031857 18
1.029929 18
1.032325 5
0.000123 23
0.000058 10
1.030831 5
0.000167 19
0.000067 10
1.032448 5
0.000168 19
0.000067 10
1.032959 5
0.000169 19
0.000047 10
1.032352 18
1.031992 18
1.031542 18
1.031214 18
1.031559 18
1.032437 18
1.032303 19
1.034666 5
0.000177 19
0.000049 10
1.032470 18
1.031907 5
0.000168 19
0.000045 10
1.030085 5
0.000173 18
0.000047 13
1.031768 5
0.000173 18
0.000043 10
1.030354 5
0.000105 18
0.000022 10
1.029650 5
0.000193 18
0.000028 10
1.030878 5
0.000116 11
0.000017 7
0.000023 10
1.032189 5
0.000164 12
0.000013 6
0.000048 10
1.029988 5
0.000122 18
0.000030 10
1.031635 18
1.031517 18
1.031736 18
1.031433 18
1.030737 18
1.030726 18
1.030312 18
1.031214 18
1.031785 5
0.000131 18
0.000027 10
1.030910 18
1.031326 18
1.030585 18
1.033960 18
1.033658 18
1.033543 18
1.029919 18
1.031381 18
1.030680 18
1.030723 19
1.032853 18
1.033225 18
1.032618 18
1.030146 18
1.030840 18
1.031483 18
1.030991 18
1.031455 18
1.031474 18
1.030215 19
1.030859 18
1.029856 18
1.031525 18
1.030231 18
1.030669 18
1.030693 18
1.029623 18
1.029356 18
1.029907 21
1.030204 18
1.030396 18
1.030371 18
1.031706 18
1.032323 18
1.031642 18
0.199912 8
0.000626 62
0.003513 226
0.000284 57
1.284194 1
0.085143 1
0.060854 1
0.096079 1
0.058441 1
0.111285 11
0.004093 228
0.012039 10
0.000048 345
78.149204 1
0.066095 1
0.118892 1
0.059472 1
0.083775 1
0.227200 1
0.520121 1
0.160987 1
0.194544 1
0.114035 1
0.519858 1
0.159243 1
0.171105 1
0.083144 1
0.227378 1
0.197112 1
0.133515 1
0.119605 1
0.215051 1
1.341359 1
0.132422 1
0.156500 1
0.116880 1
0.089615 1
0.602569 1
0.459961 1
0.077869 1
0.039650 1
0.475975 1
1.004990 29
0.268884 3
0.119918 3
0.131985 3
0.145906 3
0.648970 9
0.399727 5
0.838927 9
0.306548 5
0.496549 5
0.259729 5
0.388070 11
0.005466 228
0.121272 25
2.777012 2
0.041776 218
0.050729 77
0.004272 83
0.000873 4095
0.000762 4095
0.000590 4095
0.000482 3813
4.041717 55
0.435027 38
1.562202 27
0.014121 113
0.000894 825
1.904157 43
1.949674 81
0.922813 30
0.000109 59
0.144496 34
0.000082 57
0.218169 34
0.000201 55
0.152950 34
0.000130 57
1.199016 33
0.100558 66
0.092570 29
0.100382 65
1.459357 30
0.000200 55
0.312995 34
0.000100 57
0.539606 33
0.001815 24
0.000471 28
0.001956 45
0.001583 62
0.003428 226
0.000307 57
1.802828 1
0.070164 1
0.071670 1
0.081986 1
0.079809 1
0.298069 11
0.004945 228
0.010628 10
0.000061 345
0.623166 5
0.321777 38
0.568646 1
0.270556 1
0.039289 1
0.030788 1
0.032544 1
0.034806 1
0.244949 3
0.294556 5
0.289172 11
0.004641 228
0.014280 218
0.014946 72
0.000018 11
0.000872 83
0.001373 3638
1.828542 29
0.000119 45
0.273223 29
0.000214 45
0.032190 29
0.000105 45
0.032722 29
0.000124 45
0.034476 29
0.000197 45
0.032324 29
0.000239 45
0.033140 29
0.000094 45
0.034940 29
0.000224 45
0.031846 29
0.000090 50
0.033549 77
0.033468 30
0.000091 47
0.031730 30
0.000192 47
0.033340 30
0.000125 47
0.032250 30
0.000023 47
0.040868 30
0.000225 47
0.033137 30
0.000178 47
0.033369 30
0.000218 47
0.034657 30
0.000052 47
0.031496 30
0.000176 48
0.037491 30
0.000159 47
0.032688 30
0.000220 47
0.031964 30
0.000202 47
0.032208 30
0.000195 47
0.033377 30
0.000234 47
0.033386 30
0.000182 47
0.034240 30
0.000196 47
0.031409 30
0.000169 47
0.034486 30
0.000085 47
0.032421 30
0.000176 48
0.033406 30
0.000205 47
0.033349 30
0.000117 47
0.034456 30
0.000200 47
0.032553 30
0.000183 47
0.033313 30
0.000181 47
0.033405 30
0.000200 47
0.033337 30
0.000212 47
0.032325 30
0.000181 47
0.034566 30
0.000175 47
0.033214 30
0.000201 48
0.033516 30
0.000151 47
0.032355 30
0.000192 47
0.035286 30
0.000205 47
0.032527 30
0.000239 47
0.033136 30
0.000177 47
0.034372 30
0.000219 47
0.033421 30
0.000192 47
0.032119 30
0.000109 47
0.034957 30
0.000183 47
0.031227 30
0.000075 48
0.033713 30
0.000132 47
0.033307 30
0.000197 47
0.033867 30
0.000123 51
0.718934 30
0.000208 51
0.268139 30
0.000223 47
0.043444 30
0.000204 47
0.030303 30
0.000190 47
0.036057 30
0.000196 47
0.033810 30
0.000202 47
0.031678 30
0.000027 48
0.030971 30
0.000232 51
0.032537 30
0.000118 51
0.033685 61
0.033483 60
0.033559 60
1.324069 30
0.000223 51
2.503490 29
0.000214 50
0.535760 30
0.000244 51
0.689187 122
0.399576 87
0.101728 87
0.359541 39
5.982057 53
0.252173 53
0.331815 53
0.187143 53
0.374891 53
0.276990 49
0.116792 49
0.116845 53
0.173239 53
0.075751 53
0.108187 53
0.465265 53
0.461193 44
2.886584 44
0.087265 44
0.088573 44
0.177857 44
0.467786 43
3.569476 44
0.472886 44
0.101461 44
0.104502 44
0.210524 45
0.972106 43
0.597783 44
0.094054 44
0.328957 87
2.394498 53
0.193089 53
0.154401 53
0.124598 53
0.161031 53
0.089499 53
0.077784 53
0.675626 53
0.519086 44
0.564665 44
0.087680 44
0.157487 44
0.218311 44
0.217320 43
2.680185 44
0.555685 44
0.089328 44
0.116399 44
0.280489 45
0.608407 43
1.170698 43
0.331359 40
0.334109 56
0.209987 43
0.207710 40
0.264921 43
0.576500 43
0.734174 44
0.338425 44
1.015578 87
0.842241 53
0.188864 53
0.164497 53
0.080912 53
0.169144 53
0.098722 53
0.116408 53
0.276294 53
0.610337 44
0.775839 44
0.096910 44
0.076321 44
0.194765 44
0.446175 43
1.896449 44
0.105478 44
0.465671 44
0.079069 44
0.138747 45
0.121806 44
0.199860 43
0.182999 43
1.785283 44
0.093425 44
0.511704 110
0.494474 53
0.229926 53
0.170230 53
0.130367 53
0.158368 53
0.091241 53
0.077511 53
0.166321 53
0.652434 44
0.404110 44
0.063697 44
0.129550 44
0.152282 44
0.174713 43
0.348322 44
0.076952 44
0.125291 44
0.122359 44
0.101241 45
0.056462 44
0.344268 45
0.118710 46
0.161702 45
0.045422 44
0.213944 43
0.742647 43
0.777438 44
0.045410 44
0.484771 110
39.328842 46
0.100480 58
0.470077 59
0.615523 1
0.072088 1
3.835978 12
0.000948 27
0.004577 19
0.000759 15
0.003477 45
0.001674 62
0.002907 226
0.000170 57
379.062846 1
0.068169 1
0.162589 1
0.242217 1
0.412893 4
0.136805 4
0.127147 4
0.123351 4
0.079767 1
0.087752 1
0.127961 1
0.218631 1
0.147953 1
0.100544 1
0.113968 1
1.025166 1
0.362086 1
1.616868 1
0.237749 1
0.079165 1
0.141534 1
0.052580 1
0.323481 11
0.005025 228
0.003533 290
0.000013 62
0.001404 226
0.000246 8
0.000017 49
4.851198 1
0.058668 1
0.079956 1
0.175890 1
0.114596 1
0.109566 1
0.384871 1
0.177805 1
0.330511 1
0.963950 1
0.165077 1
0.160129 1
0.097128 1
0.157474 1
0.081496 1
0.328911 1
0.298330 1
0.287899 11
0.004542 228
0.001503 27
0.000157 71
0.002759 226
0.000104 57
1.538555 17
0.287921 17
0.270695 5
0.059860 5
0.106847 5
0.096019 5
0.076542 5
0.289974 11
0.004059 228
0.116488 25
2.916809 2
0.041921 218
0.005199 297
0.000015 45
0.000310 62
0.002903 226
0.000092 8
0.000021 49
20.948799 1
0.289572 1
0.148655 1
0.274489 1
0.411998 1
0.170176 1
0.232563 1
0.398003 1
0.930278 1
0.128120 1
0.215788 1
0.062287 1
0.100244 1
0.187354 1
0.194823 1
0.069875 1
0.123361 1
0.163245 1
0.174778 11
0.000023 62
0.003336 226
0.000143 57
105.633406 1
0.073357 1
0.072985 1
0.082216 1
0.075487 1
0.106601 11
0.004537 228
0.014644 10
0.000048 345
0.776180 1
0.092105 1
1.275526 11
0.004995 228
0.001217 94
0.000232 62
0.002742 226
0.000098 8
0.000016 49
0.429165 1
0.185825 1
2.107973 1
0.114312 1
0.263928 4
0.116701 4
1.150160 1
0.347404 4
0.104200 1
0.084960 1
0.102979 1
0.204221 1
0.062099 1
0.105621 1
1.291718 4
0.274843 4
0.032881 4
0.033609 4
0.032447 4
0.031530 4
0.034716 4
0.472923 1
0.147932 1
0.135574 1
0.217420 1
0.175016 1
0.108890 1
0.084474 1
0.234701 1
0.112112 1
0.350210 1
0.228008 1
0.115258 1
0.145381 1
0.144763 1
0.098495 1
0.087770 1
0.091568 1
0.245986 1
0.169676 1
0.143219 1
0.073271 1
1.623288 1
0.050194 1
0.475284 1
0.491197 1
0.092928 1
0.121058 1
0.159365 1
0.105735 1
0.079482 1
0.106109 1
0.123020 1
0.211346 1
0.444146 1
1.878130 1
0.107858 1
0.087428 1
0.151623 1
0.156687 1
0.200842 11
0.000211 62
0.003987 226
0.000179 57
1.733532 1
0.077131 1
0.111302 1
0.549942 1
0.118523 1
0.301219 1
0.218123 1
0.104735 1
0.110383 1
0.160893 1
0.166278 1
0.153377 1
0.016801 1
0.203220 1
0.839321 1
0.265615 1
0.536133 1
0.071586 1
0.109438 8
0.554223 11
0.005081 228
0.001104 62
0.003360 226
0.000201 57
58.850710 1
0.707484 1
0.193559 1
0.108414 1
0.097906 1
0.813166 1
0.394570 1
0.138071 1
0.069256 1
0.160332 1
0.120985 1
1.357050 1
0.499652 1
1.220106 1
0.114805 1
0.553347 1
0.134881 1
0.084451 1
0.104853 1
0.214192 1
0.224948 1
0.114933 1
0.086283 1
0.115152 1
0.858124 4
0.261645 1
0.305544 4
0.179362 1
1.636478 1
3.003003 1
0.097042 1
0.124004 1
0.151388 1
0.309327 1
0.082866 1
0.097339 1
0.221751 1
0.101699 1
0.218532 1
2.110032 1
0.099520 1
2.007193 4
0.134678 4
10.133303 1
0.103513 1
0.200070 1
0.238765 1
0.356041 1
1.484695 4
0.147634 4
0.146112 4
0.150525 4
0.449852 4
3.684183 1
0.076990 1
0.176080 1
0.150029 1
0.146207 1
0.107112 1
0.055166 1
0.135214 1
3.241972 1
0.082327 1
0.164993 1
0.323895 1
1.680842 4
0.135197 4
0.148389 4
0.351734 4
0.446416 1
0.159031 1
0.245769 1
0.158573 1
0.095549 1
0.095076 1
0.689524 1
0.170019 1
0.200099 1
0.179797 1
0.497997 1
0.160229 1
0.666282 1
0.133665 1
0.122469 1
0.077211 1
0.178372 1
0.280470 11
0.000880 62
0.003701 226
0.000261 57
32.528077 1
0.062973 1
0.157496 1
0.305967 1
0.215906 11
0.004870 228
0.002893 34
0.082014 73
0.002892 226
0.000126 57
1.455354 1
0.081786 1
0.351432 1
0.134228 1
0.090630 1
0.573445 1
0.139338 1
0.158444 1
0.095570 1
0.167609 1
0.135878 1
0.194330 1
0.264728 1
0.196319 11
0.005267 228
0.115132 10
2.394096 2
0.039295 220
0.129552 223
0.000291 49
3.425746 4
0.313024 21
0.391301 12
0.319487 2
0.258172 17
0.363577 17
0.469426 74
1.495837 11
0.004624 225
0.001743 35
0.000190 35
0.000200 35
0.000203 11
0.000015 24
0.000187 11
0.000026 24
0.000179 11
0.000037 24
0.000160 11
0.000018 24
0.000141 11
0.000018 24
0.000132 11
0.000026 24
0.000107 67
1.000488 67
2.000313 67
4.000263 67
8.000455 60
0.000116 67
1.000749 67
2.000667 67
4.000725 67
8.001607 60
0.000162 67
1.000539 67
2.000365 67
4.000374 67
8.000321 60
0.000106 67
1.000462 67
0.094232 2
0.000073 38
0.000012 2
0.000231 67
0.273840 2
0.000104 40
0.000240 67
0.033266 40
0.000021 2
0.000217 67
0.034287 2
0.000102 40
0.000230 67
0.033283 2
0.000060 38
0.000012 2
0.000213 133
0.033149 2
0.000265 437
0.000540 49
0.001884 45
0.003218 87
0.003609 226
0.000306 57
0.024957 28
0.000395 2
0.000596 87
0.002943 226
0.000133 57
0.027386 19
0.000378 11
0.000612 87
0.003429 226
0.000174 57
0.027867 28
0.000376 2
0.000735 87
0.003429 226
0.000182 57
0.029760 11
0.000366 19
0.000653 87
0.003192 226
0.000129 57
0.029292 19
0.000371 11
0.000656 87
0.002902 226
0.000135 57
0.028662 28
0.000354 2
0.000657 87
0.003256 226
0.000183 57
0.028076 28
0.000379 2
0.000558 87
0.004154 226
0.000022 57
0.028186 28
0.000344 2
0.000624 87
0.003309 226
0.000181 57
0.030253 28
0.000356 2
0.000648 87
0.003065 226
0.000137 57
0.030368 28
0.000330 2
0.000704 87
0.003091 226
0.000126 57
0.029922 19
0.000331 11
0.000541 87
0.003015 226
0.000165 57
0.029734 11
0.000297 19
0.000790 87
0.003145 226
0.000175 57
0.028940 19
0.000323 11
0.000884 87
0.003263 226
0.000160 8
0.000024 49
0.027912 19
0.000311 11
0.000584 87
0.003272 226
0.000240 57
0.028184 19
0.000307 11
0.000509 87
0.003176 226
0.000173 57
0.028444 11
0.000312 19
0.000775 87
0.003144 226
0.000189 8
0.000017 49
0.028306 11
0.000312 19
0.000718 87
0.003675 226
0.000175 8
0.000025 49
8.335003 13
0.756570 11
0.004782 228
0.120113 10
1.599655 2
0.039315 220
0.027327 54
1.000472 54
2.000349 54
4.000427 54
8.000280 47
0.000064 19
3.723746 1
0.053974 1
0.084244 1
0.175390 1
0.176346 1
0.426067 3
0.188814 1
0.137869 1
0.242112 11
0.001104 54
0.999603 54
2.000329 54
4.000295 54
8.000404 47
0.000030 19
2.000316 1
0.079815 1
0.377137 11
0.000282 54
1.000383 54
2.000318 54
4.000453 54
8.000116 66
1.032776 30
0.000025 19
1.078538 1
0.136210 1
0.077249 1
0.101015 1
0.099637 1
0.089868 1
0.178827 11
0.000464 45
0.002754 73
0.002934 226
0.000227 57
63.863954 13
1.782134 16
36.449383 11
0.001217 73
0.004147 226
0.000226 57
21.689527 13
0.576123 11
0.004840 228
0.111896 10
2.071151 2
0.039847 220
0.153537 223
0.000246 49
0.369742 93
0.930911 11
0.004526 225
0.001836 11
0.000622 59
0.001658 140
0.000882 137
0.998817 67
2.000183 67
2.266158 2
0.000772 40
0.000271 67
0.172019 2
0.000382 38
0.000395 69
0.313916 2
0.000731 40
0.000272 67
0.178369 2
0.000612 40
0.000222 67
0.181970 2
0.000485 38
0.000599 69
0.184538 2
0.000432 38
0.000478 69
0.175907 2
0.000492 38
0.000662 69
0.176670 2
0.000441 38
0.000958 135
0.181982 2
0.000501 38
0.001645 448
0.000017 45
0.002860 87
0.002952 226
0.000115 8
0.000022 49
0.252742 11
0.000461 19
0.000745 87
0.003305 226
0.000212 57
4.021801 13
0.873216 1
0.273415 1
0.032530 1
0.033561 1
0.035012 1
0.032231 1
0.037500 1
0.238475 1
0.426240 5
0.106674 5
0.850936 11
0.005021 228
0.038052 10
1.705017 2
0.037436 220
0.027805 53
1.000570 53
2.000381 53
4.000447 53
8.000414 46
0.000026 34
2.100397 1
0.055751 1
0.359218 11
0.000359 53
1.000482 53
2.000358 53
4.000366 53
7.999968 54
0.000023 26
22.098596 1
0.101177 1
0.225277 11
0.002542 93
0.000017 34
8.186906 1
0.752536 1
0.768045 1
0.227693 1
0.514936 1
0.224379 1
0.139404 1
0.422009 1
0.068642 1
0.173271 1
0.235977 1
0.307142 11
0.000303 34
3.458811 11
0.334531 4
0.121752 4
0.846865 1
0.228305 1
0.086232 1
0.098742 1
0.192841 1
0.071284 1
0.121686 1
0.053054 1
0.872332 11
0.000182 34
3.232351 1
0.221016 1
0.079276 1
0.241064 1
0.251020 11
0.001267 33
0.000122 34
1.225018 1
0.141408 1
0.109657 1
0.061559 1
0.797080 1
0.646769 1
0.215329 1
0.114824 1
0.340477 1
0.305257 2
0.000316 57
7.595250 1
0.289447 11
0.000712 115
12.886772 1
0.153634 1
0.143897 1
0.085550 1
0.116134 11
0.000397 6
0.000063 45
0.002608 71
0.003043 226
0.000173 8
0.000018 49
0.534720 11
0.618568 11
0.004957 228
0.118322 10
1.210510 2
0.038946 220
0.040829 73
1.000567 73
2.000332 73
4.000367 73
8.000374 66
0.001435 53
1.000456 53
2.000364 53
4.000350 53
8.000573 46
0.000554 53
1.000609 53
2.000219 53
4.000441 53
8.000255 46
0.004122 73
1.000407 73
2.000352 73
2.801522 2
0.002604 53
0.696324 2
0.001015 2
0.001418 53
0.678975 2
0.001123 2
0.001214 53
0.549383 2
0.001181 2
0.001266 53
0.389255 2
0.001052 2
0.001288 53
0.276696 2
0.001026 2
0.001225 53
0.213432 2
0.001131 2
0.001328 53
0.193856 2
0.001074 2
0.001421 53
0.164141 2
0.001021 2
0.001374 53
0.165947 2
0.001074 2
0.001810 53
0.119619 2
0.000618 2
0.001374 53
0.311541 2
0.000952 2
0.001295 53
0.267773 2
0.001004 2
0.001313 53
0.030733 2
0.000925 2
0.001147 53
0.030461 2
0.001150 2
0.001341 53
0.029977 2
0.000862 2
0.001301 53
0.031438 2
0.000898 2
0.001347 53
0.030048 2
0.000969 2
0.001407 53
0.030210 2
0.000859 2
0.001279 53
0.030485 2
0.000913 2
0.001160 53
0.031418 2
0.000944 2
0.001150 53
0.029345 2
0.000762 2
0.001260 53
0.032184 2
0.000897 2
0.001222 53
0.029868 2
0.000915 2
0.001046 53
0.031502 2
0.001031 2
0.001211 53
0.030300 2
0.000925 2
0.001191 53
0.030409 2
0.000857 2
0.001317 53
0.029347 2
0.000901 2
0.001295 53
0.031380 2
0.000881 2
0.001340 53
0.032607 2
0.000935 2
0.001266 53
0.030098 2
0.000921 2
0.001270 53
0.030537 2
0.000963 2
0.001303 53
0.032060 2
0.001041 2
0.001128 53
0.031667 2
0.000842 2
0.001552 53
0.030043 2
0.000935 2
0.001148 53
0.030541 2
0.000873 2
0.001362 53
0.032006 2
0.000952 2
0.001221 53
0.030697 2
0.000920 2
0.001484 53
0.032897 2
0.002239 2
0.000320 53
0.030175 2
0.000949 2
0.001243 53
0.029442 2
0.000940 2
0.001278 53
0.029207 2
0.000840 2
0.001020 53
0.033073 2
0.000914 2
0.001222 53
0.031005 2
0.000887 2
0.001252 53
0.030499 2
0.000908 2
0.001305 53
0.030324 2
0.001094 2
0.001402 53
0.029970 2
0.000857 2
0.001256 53
0.031206 2
0.000891 2
0.001346 53
0.031564 2
0.000950 2
0.001456 53
0.029900 2
0.000844 2
0.001564 53
0.030303 2
0.000945 2
0.001210 53
0.031190 2
0.001020 2
0.001142 53
0.030443 2
0.000960 2
0.001148 53
0.031645 2
0.001018 2
0.001513 53
0.029040 2
0.000934 2
0.001304 53
0.031271 2
0.000966 2
0.001291 53
0.038219 2
0.000989 2
0.001276 53
0.030215 2
0.000966 2
0.002360 53
0.028245 2
0.000909 2
0.001179 53
0.031396 2
0.001076 2
0.001356 53
0.031055 2
0.000923 2
0.001596 53
0.030228 2
0.000927 2
0.001256 53
0.031860 2
0.000807 2
0.001141 53
0.031116 2
0.000945 2
0.001174 53
0.030489 2
0.002116 2
0.000395 53
0.028993 2
0.001030 2
0.001362 53
0.030049 2
0.000957 2
0.001308 53
0.031256 2
0.001025 2
0.001316 53
0.030329 2
0.001136 2
0.001242 53
0.030947 2
0.000949 2
0.001151 53
0.030504 2
0.000935 2
0.001294 53
0.033787 2
0.000904 2
0.001287 53
0.031657 2
0.000976 2
0.001229 53
0.030590 2
0.000924 2
0.001462 53
0.029342 2
0.000918 2
0.001123 53
0.030398 2
0.001027 2
0.001278 53
0.030166 2
0.000919 2
0.001467 53
0.029065 2
0.001002 2
0.001214 53
0.031469 2
0.001201 2
0.001442 53
0.030768 2
0.001134 2
0.001471 53
0.030079 2
0.000926 2
0.001090 53
0.031474 2
0.000992 2
0.001385 53
0.032819 2
0.000892 2
0.001414 53
0.030664 2
0.000909 2
0.001069 53
0.030468 2
0.000919 2
0.001569 53
0.029155 2
0.000733 2
0.001326 53
0.031429 2
0.000985 2
0.001191 53
0.031411 2
0.000893 2
0.001202 53
0.030648 2
0.000888 2
0.001521 53
0.031819 2
0.000862 2
0.001153 53
0.031923 2
0.001091 2
0.001148 53
0.030939 2
0.000947 2
0.001320 53
0.031753 2
0.001116 2
0.001228 53
0.030651 2
0.000856 2
0.001403 53
0.030461 2
0.000949 2
0.001376 53
0.031996 2
0.001024 2
0.001337 53
0.029489 2
0.000750 2
0.001221 53
0.030482 2
0.002103 2
0.000312 53
0.030185 2
0.000919 2
0.001484 53
0.031196 2
0.000898 2
0.001479 53
0.031081 2
0.000946 2
0.001354 53
0.029383 2
0.000824 2
0.001771 53
0.032122 2
0.000970 2
0.001469 53
0.030883 2
0.000938 2
0.001447 53
0.034661 2
0.000949 2
0.001492 53
0.026485 2
0.000788 2
0.001309 53
0.032492 2
0.001084 2
0.001344 53
0.031195 2
0.000903 2
0.001440 53
0.032902 2
0.001234 2
0.001368 53
0.029263 2
0.000904 2
0.001355 53
0.029507 2
0.000997 2
0.001360 53
0.028871 2
0.000909 2
0.001211 53
0.030874 2
0.000914 2
0.001333 53
0.030950 2
0.000972 2
0.001362 53
0.030140 2
0.000922 2
0.001223 53
0.030613 2
0.000941 2
0.001268 53
0.031124 2
0.001008 2
0.001132 53
0.031443 2
0.000916 2
0.001341 53
0.030319 2
0.000948 2
0.001500 53
0.029887 2
0.001694 2
0.001122 53
0.029781 2
0.000868 2
0.001290 53
0.031999 2
0.000832 2
0.001237 53
0.030719 2
0.000969 2
0.002302 53
0.030724 2
0.000877 2
0.001412 53
0.029323 2
0.000854 2
0.001414 53
0.031173 2
0.001068 2
0.001167 53
0.037209 2
0.000963 2
0.001395 53
0.030347 2
0.000964 2
0.001571 53
1.000807 53
1.999480 53
4.000127 53
8.000266 46
0.000662 209
0.000564 70
16.447578 1
0.205981 1
0.162343 1
0.061878 1
0.101215 11
0.005606 239
0.000187 45
0.002784 87
0.002830 226
0.000294 57
1.272519 1
0.087504 1
0.043700 1
0.086274 1
0.075345 1
0.088776 11
0.004525 228
0.012646 10
0.000067 345
0.535569 1
0.101081 1
0.048918 11
0.005382 228
0.001243 94
0.000264 62
0.003283 226
0.000168 57
333.873928 11
0.000220 62
0.003925 226
0.000223 57
0.119753 11
0.000199 62
0.003689 226
0.000150 57
0.126314 11
0.000230 62
0.004430 226
0.000205 57
0.271119 1
0.099865 1
0.229823 1
0.085232 1
0.143327 1
0.074746 1
0.109331 11
0.004940 228
0.002731 63
0.000323 62
0.003156 226
0.000169 8
0.000028 49
59.076060 6
2.278679 9
1.904631 1
0.166036 1
0.105374 1
0.452054 11
0.006048 228
0.103221 11
0.121438 4095
0.000482 4095
0.000484 4095
0.000471 4095
0.000098 704
1.265338 23
0.000816 62
0.003777 226
0.000405 57
6.792816 1
0.985906 1
0.675270 1
0.041501 1
0.718211 11
0.004753 228
0.009678 34
0.000296 16
0.120423 708
0.000442 4095
0.000423 4095
0.000379 4095
0.000042 351
1.510653 71
1.512124 167
1.512153 121
1.509089 6630
0.000476 4095
0.000187 1670
1.235823 70
0.154418 70
0.174803 91
0.000030 85
0.651146 70
0.163209 70
0.198564 154
0.000140 677
0.000653 3276
0.000846 4095
0.000268 2053
1.510930 109
0.000024 64
1.512086 104
1.512398 499
1.512085 557
1.511389 183
0.453109 31
0.001579 62
0.004365 226
0.000191 57
25.104820 1
0.066015 1
0.108570 1
0.123659 1
0.010892 1
0.101975 1
1.007339 4
0.116671 4
0.136330 4
0.566192 1
0.229552 1
0.095998 1
0.141718 1
0.150475 1
0.161687 1
0.235085 1
0.214272 1
0.360597 1
0.065009 1
0.184448 11
0.004035 228
0.014673 84
0.000253 71
0.003239 226
0.000161 8
0.000027 49
3.071505 13
0.235154 4
0.337966 4
0.470392 1
0.647812 1
1.273143 4
0.235959 4
0.934192 1
0.639221 2
0.000022 9
0.004496 228
1.534961 354
0.500317 354
0.499411 354
0.499897 354
0.500115 354
0.499790 354
0.500205 354
0.499950 354
0.500504 354
0.500060 354
0.499094 354
0.500853 354
0.499260 354
0.499935 354
0.500214 354
0.499660 354
0.500808 354
0.499984 354
0.499307 354
0.499905 354
0.499838 354
0.500680 354
0.499326 354
0.500852 354
0.499652 354
0.499711 354
0.499583 354
0.500862 354
0.499285 354
0.499999 354
0.499928 354
0.500751 354
0.498975 354
0.501118 354
0.498880 354
0.500786 354
0.499552 354
0.499909 354
0.499827 354
0.499856 354
0.499883 354
0.500986 354
0.500043 354
0.499452 354
0.499681 354
0.499852 354
0.499852 354
0.500925 354
0.499278 354
0.499993 354
0.499991 354
0.499687 354
0.500121 354
0.499721 354
0.500354 354
0.499722 354
0.500505 354
0.499692 354
0.499916 354
0.500113 354
0.500539 354
0.499168 354
0.500834 354
0.500039 354
0.499788 354
0.500018 354
0.499307 354
0.499737 354
0.501057 354
0.499932 354
0.499266 354
0.499651 354
0.500570 354
0.500300 354
0.499297 354
0.499906 354
0.500684 354
0.499658 354
0.499662 354
0.499801 354
0.500546 354
0.499687 354
0.500432 354
0.499545 354
0.393220 1
0.107267 354
0.499567 354
0.499631 354
0.217225 2
0.002899 62
0.003722 226
0.000235 8
0.000021 49
120.021596 1
0.098377 1
0.081130 1
0.109797 1
0.037782 1
0.071975 1
0.118901 1
0.485094 1
0.168455 1
0.209491 1
0.194033 1
0.324820 1
0.252209 1
0.153238 1
0.743748 1
0.395619 1
3.208962 1
0.778936 1
0.122909 1
0.084118 1
0.437794 1
4.684201 1
0.188518 1
0.219620 1
0.151279 1
0.188128 1
0.156825 1
0.137867 1
0.233552 1
0.118030 1
0.545690 1
0.171629 1
0.130248 1
0.219272 1
0.151520 1
0.124424 1
0.209311 1
0.444260 1
0.771126 1
0.197598 1
0.134726 1
0.170343 1
0.092980 1
0.144675 1
0.110360 1
0.166673 1
0.118846 1
0.093051 1
0.142889 1
1.752934 1
0.094206 1
1.616765 1
0.197422 1
3.869615 11
0.005303 228
0.000138 11
0.000190 62
0.002834 226
0.000220 57
0.050490 60
0.016724 48
0.845131 11
0.000231 62
0.003821 226
0.000141 57
0.396323 1
0.174351 1
0.361419 1
0.290591 1
0.085421 1
0.106620 1
0.165326 1
0.184220 1
0.130074 1
0.297769 1
0.184939 1
0.341031 1
0.099710 1
0.100202 1
0.110150 1
0.031679 1
0.112260 1
0.125456 1
0.230613 1
0.129261 1
0.121373 1
0.108186 1
0.356499 1
0.178663 1
0.174953 1
0.123580 1
0.175401 1
0.155886 1
0.104634 1
0.189047 1
0.106075 1
0.122987 1
0.087429 1
0.114914 1
0.122588 1
0.193947 1
0.246984 4
0.131654 4
0.159993 1
0.601700 1
1.051500 1
0.323144 1
0.315761 1
0.192272 1
0.072104 1
0.358799 1
0.574844 1
0.091987 1
0.166671 1
0.068843 1
0.143686 1
0.237637 1
0.154865 1
0.285542 1
0.158003 1
0.287503 1
0.202717 1
0.092937 1
0.078608 1
0.135422 1
0.181354 11
0.004869 228
0.024141 164
0.000120 591
1.020573 36
0.000029 24
1.022035 21
0.000039 57
1.021194 26
1.021424 29
0.000020 38
1.020797 18
1.020839 22
0.000019 51
1.020786 22
0.000024 38
1.020821 23
0.000868 38
1.020722 18
1.021161 23
0.000016 24
1.020850 23
0.000021 24
1.021071 18
1.020836 37
0.000786 17
1.019941 23
0.000022 31
1.021505 18
1.021124 33
1.022018 28
0.000019 10
1.021891 19
1.021250 26
1.022368 22
0.000017 35
0.000008 10
1.021150 22
0.000020 51
1.022646 26
1.021356 26
1.021470 18
1.020858 18
1.021202 18
1.021539 18
0.945757 8
0.000989 62
0.002846 226
0.000130 57
0.663524 56
0.163929 139
1.063093 111
0.569563 11
0.004542 228
1.529373 355
0.499791 355
0.499940 355
0.500734 355
0.499182 355
0.500651 355
0.499750 355
0.499804 355
0.500312 355
0.499528 355
0.500531 355
0.499593 355
0.500108 355
0.499644 355
0.500148 355
0.500621 355
0.500321 355
0.499218 355
0.500246 355
0.499400 355
0.500570 355
0.499619 355
0.499847 355
0.500020 355
0.500413 355
0.499585 355
0.500548 355
0.499833 355
0.499655 355
0.214605 219
0.286095 355
0.499247 354
0.500139 354
0.499837 354
0.499710 354
0.500171 354
0.499770 354
0.104502 2
0.003135 86
0.000093 62
0.003492 226
0.000268 8
0.000021 49
2.412674 12
0.333811 68
0.814770 139
1.145451 1
0.269268 1
0.035644 1
0.031467 1
0.038555 1
0.033570 1
0.035648 1
0.032550 1
0.032622 1
0.035624 1
0.035459 1
0.034464 1
0.035796 1
0.036306 1
0.172771 1
0.619418 5
1.750659 5
1.865910 5
0.280400 5
0.364894 5
0.160710 5
0.300729 5
0.110559 5
0.262362 5
1.129875 11
0.005473 228
0.000146 11
0.000185 62
0.002794 226
0.000184 8
0.000025 49
0.046485 60
0.017115 49
2.142604 11
0.000195 62
0.003777 226
0.000186 57
0.321452 60
0.886741 111
1.062467 11
0.004899 228
1.527879 355
0.500070 355
0.500668 355
0.499715 355
0.500960 355
0.499847 355
0.499831 355
0.499743 355
0.146936 2
0.002300 62
0.003378 226
0.000132 57
5.221088 1
0.114157 1
0.087258 1
0.129945 1
0.057025 1
0.097094 1
0.121820 1
0.407495 1
0.179255 1
0.174809 1
0.194919 1
0.843312 1
2.560587 1
0.168664 1
1.063771 1
0.472963 1
2.412800 1
0.559245 1
0.147266 1
0.147932 1
1.651140 1
0.691677 1
0.452659 1
0.140151 1
0.327078 11
0.004917 228
0.392033 1343
5.005396 1343
1.172272 2
0.002139 62
0.003300 226
0.000173 57
1.114721 11
0.000183 62
0.003305 226
0.000189 57
0.127303 73
0.003291 226
0.000180 57
6.073061 24
0.986473 25
0.353184 58
0.768648 111
0.603086 4
0.124304 4
0.137988 4
0.135402 4
0.151996 4
0.366143 1
0.239263 1
0.112169 1
0.241930 11
0.004574 228
0.010002 144
0.000238 71
0.003200 226
0.000110 8
0.000016 49
0.923233 10
0.308472 31
0.875217 25
0.644242 11
0.004693 228
1.528390 355
0.499681 355
0.499756 355
0.500000 355
0.500019 355
0.345410 1
0.154477 355
0.500532 355
0.224787 1
0.274943 355
0.018632 1
0.481049 355
0.500459 355
0.500378 355
0.462150 2
0.002235 62
0.003414 226
0.000196 57
0.866590 73
0.003226 226
0.000149 57
3.231347 221
4.801778 11
0.000139 93
0.000125 62
0.003959 226
0.000203 57
43.037142 1
0.097573 1
0.207417 1
0.127388 1
0.269031 1
0.129621 1
0.141658 1
0.190758 1
0.058888 1
0.206674 1
0.176738 1
0.185623 1
0.095066 1
0.285313 1
0.209274 11
0.004952 228
0.006716 1286
0.000031 345
7.692999 1
0.061398 1
0.121521 1
0.049202 1
0.076294 1
0.756628 1
0.094611 1
0.104380 1
0.117829 1
0.129033 1
0.146800 1
0.151487 1
0.197652 1
0.114180 1
0.241503 1
0.314984 1
0.209204 1
0.108029 1
0.141881 1
0.189218 1
0.329257 1
0.151790 1
0.260487 1
0.431746 1
0.124372 1
0.158250 1
0.143390 1
0.110990 1
0.367818 1
0.139050 1
0.339023 1
0.238942 1
0.061235 1
0.757534 1
2.895559 11
0.004326 228
0.120690 25
4.082255 2
0.042254 218
0.014647 83
0.000184 83
0.001121 2820
2.228858 30
0.000183 55
1.124587 63
0.403615 62
0.257368 31
0.000114 53
0.964054 121
0.271259 404
0.756950 87
1.070926 110
1.886953 346
3.306392 39
0.151041 39
0.161841 39
0.212269 39
0.783489 94
0.198992 39
0.071335 39
0.124951 94
0.190962 39
0.085294 39
0.127652 94
0.240369 39
0.105886 39
0.326956 94
0.370835 41
1.161282 53
1.203066 53
0.163912 53
0.205968 53
0.238569 53
0.195867 53
0.133813 53
0.094114 53
0.091174 55
0.208746 54
0.343276 43
1.646032 44
0.134444 44
0.070716 44
0.186961 44
0.511512 43
1.106397 44
0.344937 44
0.101039 45
0.088522 44
0.239515 44
0.390619 43
0.146081 43
0.913469 44
0.092897 44
0.178789 87
0.931319 53
0.497567 53
0.158201 53
0.778939 53
0.430776 53
0.191985 53
0.129128 53
0.108881 53
0.093933 55
0.181481 54
0.387044 43
0.577891 44
0.051271 44
0.146357 44
0.148820 44
0.391278 43
0.588821 44
0.316943 44
0.118943 45
0.079754 44
0.192112 44
0.208793 43
0.487562 43
1.579207 44
0.380021 44
0.112513 110
5.876210 60
0.612474 53
0.320579 54
0.130008 48
0.173916 53
0.363901 53
0.148528 53
0.156522 53
0.045106 53
0.366263 41
0.118068 41
0.040010 53
0.207442 53
0.309555 53
0.140096 53
0.075316 53
0.090572 55
0.170516 54
0.328694 43
1.386315 44
0.093382 44
0.085879 44
0.189171 44
0.331471 43
0.459825 44
0.115220 44
0.105635 45
0.125242 44
0.176076 44
0.073133 44
0.201918 43
0.514531 43
1.512691 44
0.058053 44
1.362774 48
0.100409 19
0.000079 45
0.300286 60
1.227468 1
0.047821 1
0.000077 38
0.025137 110
2.621070 58
0.788088 1
0.044773 1
2.686343 12
0.000051 27
0.003893 19
0.000954 15
0.000826 45
0.001457 62
0.003460 226
0.000221 8
0.000023 49
5.178037 1
0.053008 1
3.086396 1
4.922843 1
0.152121 1
0.456036 1
0.126991 1
0.160379 1
0.078405 1
0.086226 1
0.169953 1
0.275381 11
0.004996 228
0.117232 10
1.218280 2
0.039753 220
0.074866 231
0.000295 70
2.057838 1
0.268115 1
0.127868 1
0.160647 1
0.111260 1
0.092458 1
0.105766 1
0.128505 1
0.140280 1
0.594780 11
0.004279 237
0.000014 62
0.002870 231
0.000185 70
7.670069 1
0.399927 4
0.331187 1
0.242333 1
0.238629 1
0.095702 1
0.337701 11
0.004750 239
0.000431 45
0.001335 62
0.003105 226
0.000176 57
1.980388 1
0.075249 1
0.084953 1
0.066555 1
0.066774 1
0.144046 1
0.078275 1
0.663609 1
0.125060 1
0.168230 1
0.508627 4
0.092020 1
0.110455 1
0.150813 1
0.170148 1
0.084791 1
0.105741 1
0.330969 1
0.661156 11
0.005055 228
0.015881 218
0.010702 221
0.077498 231
0.000192 70
0.459731 1
0.216548 1
0.472318 4
0.205273 1
0.144172 1
0.139782 1
0.118656 1
0.080969 1
0.123632 1
0.444188 1
0.179878 1
0.269906 11
0.004406 237
0.000020 62
0.002602 231
0.000127 70
0.943909 1
0.200112 1
0.148223 1
0.104562 1
0.085476 11
0.005775 239
0.000015 45
0.000330 45
0.001665 62
0.003193 226
0.000172 57
1.476246 1
0.043637 1
0.107767 1
0.044687 1
0.060326 1
0.324137 1
0.055780 1
0.107702 1
0.327127 1
0.096454 1
0.223261 4
0.094880 1
0.118938 1
0.179065 1
0.222906 1
0.069410 1
0.087657 1
0.492662 1
0.062811 11
0.004630 228
0.016502 218
0.010009 221
0.077745 231
0.000233 70
0.706300 1
0.514752 1
0.114203 1
0.136178 1
0.092078 1
0.080691 1
0.101634 1
0.696415 1
0.103824 1
0.275618 11
0.004838 237
0.000015 62
0.002171 231
0.000096 70
0.996798 1
0.174175 1
0.157466 1
0.086628 1
0.056927 11
0.004640 239
0.000157 45
0.001513 45
0.001270 62
0.003075 226
0.000163 57
0.896779 1
0.061407 1
0.095586 1
0.055934 1
0.066095 1
0.148128 1
0.070880 1
0.115785 1
0.307558 1
0.162835 1
0.186644 1
0.118820 1
0.180852 1
0.065953 1
0.097030 1
0.716907 1
0.075552 11
0.004571 228
0.016078 218
0.010714 221
0.077637 231
0.000309 70
0.458197 1
0.185121 1
0.104990 1
0.123416 1
0.089115 1
0.040142 1
0.566491 1
0.469482 1
0.161111 1
0.370200 11
0.004470 237
0.000020 62
0.002110 231
0.000148 70
0.778846 1
0.147675 1
0.169683 1
0.106564 1
0.072469 11
0.004680 239
0.000205 45
0.001716 45
0.001467 62
0.003146 226
0.000192 57
0.278744 1
0.090479 1
0.104800 1
0.062114 1
0.072746 1
0.130378 1
0.071297 1
0.101390 1
0.432782 1
0.147444 1
0.155997 1
0.123909 1
0.171640 1
0.069561 1
0.097561 1
1.008993 1
0.067708 11
0.004197 228
0.016648 218
0.011046 221
0.076693 231
0.000181 70
0.885388 1
0.172276 1
0.112327 1
0.113736 1
0.095228 1
0.087345 1
0.093623 1
0.554429 1
0.087006 1
0.260358 11
0.004423 237
0.000020 62
0.002714 231
0.000153 8
0.000025 62
1.040280 1
0.181531 1
0.184024 1
0.073235 1
0.061731 11
0.004408 239
0.000194 45
0.001201 45
0.001390 62
0.003262 226
0.000190 8
0.000046 49
0.845537 1
0.090146 1
0.034072 1
0.070856 1
0.097363 1
0.018300 1
0.011034 11
0.004226 228
0.003213 36
0.000373 29
0.000344 73
0.002868 226
0.000185 57
1.035825 1
0.039214 1
0.021943 1
0.119298 1
0.100013 1
0.123158 11
0.003606 228
0.014930 10
0.000046 345
289.836457 1
0.264022 1
0.571189 1
0.531975 1
0.438595 1
0.359985 1
0.700296 11
0.005441 228
0.001695 63
0.000236 62
0.002923 226
0.000309 57
18.062172 1
0.456929 1
0.593764 1
1.247561 4
0.158451 4
0.144348 4
2.548291 1
0.427299 1
0.272425 1
0.031763 1
0.031412 1
0.032544 1
0.033557 1
0.032548 1
0.033531 1
0.038583 1
0.032638 1
0.033487 1
0.034614 1
0.032475 1
0.033538 1
0.032629 1
0.033476 1
0.031540 1
0.032631 1
0.192867 1
0.339904 1
0.168473 1
0.164342 1
0.378163 1
1.116229 1
0.272515 1
0.034528 1
0.031127 1
0.031706 1
0.032324 1
0.033573 1
0.032525 1
0.032922 1
0.378881 1
1.007979 1
0.310333 1
0.161576 1
0.178974 1
0.404817 11
0.000616 62
0.004641 226
0.000199 57
28.237115 1
4.117498 4
30.694001 1
0.144182 1
0.185766 1
0.246129 1
0.038152 1
0.259490 1
0.172853 1
1.543015 1
0.673444 1
0.414291 1
0.254613 10
0.194967 5
0.112458 5
0.150699 5
0.083252 5
0.187018 5
0.071244 5
0.077178 5
0.093002 5
0.413533 5
0.079234 5
0.094597 5
0.358559 30
1.043077 1
0.506632 1
0.156535 1
0.520333 1
0.210016 1
0.076235 1
0.107844 1
0.082795 1
0.244321 1
0.198164 1
0.192039 1
0.186224 1
0.198028 1
0.155743 1
0.140970 1
0.168539 1
0.202743 1
0.124616 1
0.291630 1
0.181948 1
0.136129 1
0.204378 1
0.190358 1
0.293160 1
0.049800 1
0.182707 1
0.222484 1
0.200780 1
0.112319 1
0.196600 1
0.164664 1
0.733901 1
0.160413 1
0.189169 1
0.172959 1
0.112956 1
0.183421 1
0.174848 1
0.092869 1
0.145151 1
0.110632 1
0.244951 1
0.485359 1
0.219455 1
0.090917 1
0.189466 1
0.628784 1
0.729326 4
1.130620 1
1.114063 11
0.005264 228
0.007427 131
0.000021 46
1.004124 18
1.004465 18
0.547512 8
0.001063 62
0.003578 226
0.000220 57
0.953917 68
0.276218 1
0.270323 1
0.036466 1
0.029458 1
0.033568 1
0.034630 1
0.034580 1
0.032563 1
0.032405 1
0.035708 1
0.035051 1
0.031206 1
0.034854 1
0.033084 1
0.034813 1
0.031680 1
0.033298 1
0.034666 1
0.034680 1
0.032612 1
0.032366 1
0.035001 1
0.035709 1
0.032132 1
0.037547 1
0.031596 1
0.035626 1
0.032584 1
0.033411 1
0.033549 1
0.032891 1
0.033454 1
0.034839 1
0.033404 1
0.031231 1
0.032754 1
0.034422 1
0.034894 1
0.032404 1
0.032403 1
0.034962 1
0.034527 1
0.038719 1
0.147129 1
0.193267 1
0.800986 4
0.072852 5
0.859554 2
0.000023 9
0.004751 228
0.057034 93
0.000058 146
1.051868 18
1.051378 18
1.050617 18
1.049712 18
1.059275 18
1.050742 19
1.055130 18
1.049586 18
1.048794 18
0.476901 8
0.000822 73
0.003724 226
0.000161 57
71.744358 1
0.183035 1
0.136915 1
0.093400 1
0.062374 11
0.005098 234
